0.576769	-0.274651
0.24719	-0.0674161
0.553872	-0.0762281
0.417423	-0.310432
0.484672	-0.168436
0.786591	-0.274242
0.521047	0.139893
0.399894	-0.247512
0.675041	-0.0723196
0.777991	-0.312267
0.639941	0.106192
0.235489	0.0772723
0.242987	0.174945
0.486896	-0.0261532
0.432017	-0.271523
0.281251	-0.0375379
0.419388	-0.227859
-0.128937	0.478072
-0.113396	0.412881
0.24089	-0.239911
1.0467	-1.03586
1.32982	-1.58452
1.07942	-1.3017
1.13182	-1.57436
1.19104	-1.6563
0.981359	-1.51974
1.04892	-1.51978
0.9734	-1.50941
0.811058	-1.38412
0.976351	-1.5608
0.659272	-1.29015
0.511742	-1.08299
0.0629842	-0.703024
0.587987	-1.13201
0.355094	-0.726397
0.155767	-0.414051
0.330939	-0.505791
0.0994074	-0.303542
0.00491429	-0.104109
0.156415	-0.125946
0.411907	-0.309835
0.157456	-0.0402838
0.356425	0.0281913
0.833566	-0.352154
1.38116	-0.804668
1.62149	-1.07818
1.83064	-1.36399
2.34525	-2.0987
2.51329	-2.31284
2.51518	-2.32228
2.2612	-1.9731
2.52749	-2.53429
2.15599	-2.06746
1.86678	-1.86949
2.2188	-2.3211
2.00627	-2.37229
1.45979	-1.74379
1.69632	-1.81065
1.5145	-1.52261
1.66076	-1.75689
1.992	-1.90112
1.85706	-1.83272
1.6962	-1.81082
1.67932	-1.78735
1.69193	-1.94039
1.53981	-1.77179
1.60731	-1.91893
1.32431	-1.60349
1.12862	-1.2658
1.30285	-1.53785
1.49624	-1.42043
0.247316	-0.29628
0.479759	-0.522418
0.347762	-0.242942
0.664936	-0.575904
0.948908	-0.511265
1.04469	-0.750075
0.767428	-0.192259
0.565613	0.190745
0.325019	0.143189
0.339473	-0.0756714
0.243953	-0.288259
0.36758	-0.00129891
0.36546	0.176664
0.346495	-0.0584735
0.495689	-0.106303
0.71763	0.0920997
0.57881	-0.148007
0.628103	-0.134361
0.479133	0.0129281
0.532681	0.0310894
0.396234	0.039264
0.690826	-0.270856
0.961999	-0.787677
1.00688	-0.827691
0.91754	-0.776266
1.06144	-0.923177
1.17225	-0.958237
1.07744	-0.721946
1.20203	-0.86304
1.28628	-0.846477
1.62165	-1.15398
1.90371	-1.40418
1.83132	-1.29596
1.72955	-1.10209
1.73054	-1.13754
1.90442	-1.40126
1.84107	-1.2702
2.08333	-1.5868
2.28155	-1.77488
2.20641	-1.7301
2.37631	-1.88399
2.09147	-1.4355
1.75351	-0.947918
1.49565	-0.627489
1.95597	-1.12974
2.00276	-1.22476
1.78625	-1.00522
2.04992	-1.34968
1.94165	-1.23836
2.16533	-1.67152
2.47623	-2.16952
2.25547	-1.82897
2.65835	-2.51186
2.61908	-2.50018
2.74879	-2.70541
2.61418	-2.51974
2.45223	-2.30918
2.45106	-2.28185
2.02553	-1.69354
1.72968	-1.24662
1.64133	-1.1188
1.48975	-0.879684
1.50307	-0.893648
1.5701	-1.01255
1.86431	-1.48014
1.97809	-1.76334
2.33196	-2.3907
2.41425	-2.59058
2.2959	-2.42469
2.26761	-2.52932
2.13724	-2.59308
1.94221	-2.19999
1.88351	-2.38418
1.79333	-2.27662
1.77767	-2.25397
1.70758	-2.21821
1.56903	-2.16087
1.3938	-2.01022
1.48987	-2.10918
1.53857	-2.14632
2.23027	-2.44124
1.83546	-1.77875
1.46163	-1.29295
1.26896	-1.01462
1.1522	-0.938073
1.07245	-0.912174
0.985337	-0.905267
1.08387	-1.09786
1.11182	-1.1366
0.896069	-0.913609
0.89018	-0.893957
0.486808	-0.539575
0.395552	-0.460745
0.303646	-0.363986
0.481272	-0.413785
0.331169	-0.22885
0.237908	-0.0790362
0.173939	-0.0048286
0.0521102	0.102534
0.124209	0.120305
0.189603	0.132962
0.288542	0.154496
0.687558	-0.307929
0.711445	-0.320565
0.755761	-0.428818
0.903171	-0.511079
1.15948	-0.764959
1.30276	-0.999242
1.00361	-0.601991
0.859636	-0.585127
0.856733	-0.720736
0.493541	-0.290853
0.767043	-0.760625
0.701282	-0.894377
0.624315	-0.826467
0.47426	-0.883226
0.407475	-0.824516
0.385949	-0.832641
0.378384	-0.743332
0.58396	-0.700134
0.574203	-0.590504
0.451106	-0.0227956
0.613486	-0.0437944
0.514698	-0.0589719
0.568707	-0.274334
0.632251	-0.381708
0.515548	-0.254426
0.423513	-0.258503
0.767553	-0.3041
0.702097	-0.245228
0.957322	-0.3725
1.1574	-1.13206
0.874155	-0.683052
0.929921	-0.695469
1.16894	-0.816832
2.3161	-2.44394
1.94563	-2.16069
2.23877	-2.57871
2.61849	-2.95457
2.99149	-3.58253
3.00597	-3.58115
2.36941	-2.60292
2.22981	-2.37688
2.04919	-2.03323
2.43975	-2.31821
1.97934	-1.58532
1.61327	-1.12493
1.80947	-1.43605
2.04566	-1.6575
2.13814	-1.81467
2.19468	-1.69168
2.19343	-1.59046
2.71894	-2.16007
2.45305	-1.64407
1.95075	-0.813711
0.934238	-0.255106
1.20139	-0.0747033
1.5732	-0.832182
2.14318	-1.40641
1.64795	-0.859738
1.62135	-0.840205
1.692	-0.969909
1.72087	-1.16872
1.71522	-1.24009
1.37229	-0.729688
1.50694	-0.661934
1.60644	-0.86361
1.07165	-0.640431
0.877826	-0.71778
1.35722	-1.00978
1.3154	-0.989501
0.853581	-1.07171
0.901992	-1.05732
0.963024	-1.26898
0.786414	-1.13895
0.731581	-1.12391
0.631484	-1.07142
0.789634	-0.960289
0.495572	-0.993545
0.33823	-0.781484
0.950351	-1.0655
0.817947	-1.0039
0.790699	-0.83221
0.592217	-0.64254
0.859667	-0.89302
0.731436	-0.587151
0.819843	-0.655867
1.41922	-1.23215
0.773331	-0.548942
1.00428	-0.646596
0.65057	-0.430684
0.506964	-0.180412
0.638152	-0.281793
0.44384	-0.316796
0.474444	-0.273643
0.234017	-0.106414
0.537496	-0.312934
0.400879	-0.140219
0.545609	-0.554302
0.204882	-0.283719
0.189678	-0.172038
0.169308	-0.147254
0.375972	-0.392657
0.479314	-0.296205
0.378615	-0.226253
0.406518	-0.267802
0.278334	-0.294582
0.333845	-0.169996
0.214038	-0.151637
0.302029	-0.0863548
0.175217	-0.11685
0.220144	-0.542886
0.85274	-1.1111
0.458076	-0.590813
1.18679	-1.38391
1.00442	-1.58263
0.306672	-0.991726
0.40573	-0.452843
0.36294	-0.452102
0.390675	-0.765242
0.637721	-1.08986
0.94266	-1.57989
1.00248	-1.59012
0.67133	-1.36821
1.32043	-1.82851
1.33771	-1.96052
1.73237	-2.29301
1.24522	-1.67036
1.44727	-1.88639
1.61843	-1.89966
1.35268	-1.65631
1.546	-1.94545
1.42274	-1.90449
1.45308	-2.04486
1.52906	-2.13786
1.44461	-2.0655
1.40026	-2.03713
1.43174	-2.03273
1.32563	-1.92518
1.38954	-2.02702
1.25061	-1.8633
1.43255	-2.03708
1.46367	-2.06912
1.56925	-2.1755
1.76764	-2.2453
2.13355	-2.28045
1.58239	-1.53119
1.33793	-1.18818
1.08686	-0.775232
1.21804	-0.90492
1.06645	-0.755042
1.02168	-0.779191
1.04531	-0.821202
0.84002	-0.601687
0.977277	-0.705733
0.869277	-0.606905
0.915604	-0.557471
0.928481	-0.55019
0.932382	-0.63989
0.89142	-0.644687
0.73726	-0.529696
0.695314	-0.65489
0.622949	-0.798156
0.50578	-0.825977
0.396922	-0.883772
0.211336	-0.755506
0.272339	-0.814865
0.222592	-0.804611
0.332387	-0.850169
0.4989	-0.895149
0.816102	-1.02864
0.980866	-1.03887
0.898755	-0.852864
0.743726	-0.526968
1.07782	-0.825651
1.25102	-1.0222
1.37965	-1.17953
1.62533	-1.51031
1.92292	-1.91635
2.32845	-2.53604
1.99849	-1.9411
2.05783	-2.12185
1.66235	-1.57883
1.29886	-1.0057
1.3208	-1.13033
0.804472	-0.517703
0.909905	-0.588367
0.958547	-0.661974
1.08077	-0.904655
0.567339	-0.86878
0.561563	-0.84163
0.438169	-0.746194
0.405605	-0.765805
0.529661	-0.706175
0.917112	-0.96094
1.5481	-2.12549
1.49885	-2.06766
1.45813	-2.03652
1.55539	-2.21152
1.54527	-2.20108
1.28732	-1.90609
1.35353	-1.98056
1.43098	-2.10887
1.53114	-2.23962
1.67848	-2.44826
1.72285	-2.50701
1.81753	-2.61996
1.8169	-2.60615
1.55355	-2.15196
1.62624	-2.14017
2.10077	-2.76772
1.40589	-1.6075
1.32633	-1.64156
0.986147	-1.32377
-0.17798	0.307049
-0.0427713	0.0732384
0.267516	-0.195637
0.551113	-0.492583
0.693648	-0.671196
0.696896	-0.738856
0.735472	-0.888672
0.938353	-1.11992
1.29662	-1.63586
1.65068	-2.02782
2.28664	-2.72591
2.13829	-2.33904
2.31286	-2.62173
1.80742	-1.99952
1.39373	-1.56404
1.01821	-0.995412
0.736796	-0.624356
0.960056	-0.866754
1.20913	-1.19116
1.47981	-1.44205
1.33795	-1.25319
1.17789	-1.10363
1.51604	-1.57931
1.86131	-2.01596
1.65016	-1.59729
1.07462	-0.795268
0.9527	-0.52441
0.842123	-0.301981
0.851806	-0.312973
0.989252	-0.517325
0.901698	-0.42485
0.877663	-0.446474
0.796224	-0.530581
0.646098	-0.472196
0.553921	-0.54217
0.556751	-0.631754
0.523862	-0.605402
0.562907	-0.642692
0.732031	-0.821874
0.736045	-0.780182
0.897862	-0.873642
1.13007	-1.03932
1.37659	-1.32919
1.04681	-0.94461
1.01368	-0.871937
0.959024	-0.778422
0.891212	-0.653702
1.03484	-0.781914
0.948423	-0.644865
0.965113	-0.656626
0.853252	-0.496832
0.925121	-0.519866
0.852263	-0.472314
0.921642	-0.544838
0.936669	-0.548944
0.920961	-0.568774
0.819764	-0.481282
0.753999	-0.44521
0.869227	-0.58891
0.946185	-0.704735
0.790166	-0.533489
0.824875	-0.636556
1.04001	-0.948919
0.692772	-0.563872
1.13223	-1.15246
1.1382	-1.18284
1.24959	-1.15159
1.12402	-0.924478
1.01263	-1.05816
0.940144	-0.214621
0.904852	0.183112
0.686162	-0.397309
0.134119	-0.15968
-0.147736	0.0506573
-0.144681	-0.347106
-0.0731327	-0.082242
0.0253813	-0.0218857
0.168996	0.18159
-0.0153019	0.130002
0.28534	0.325844
0.184649	0.107774
0.242015	0.201854
0.226612	-0.214446
0.406356	-0.47279
0.594706	-0.70257
0.726935	-0.876292
0.727168	-0.909949
0.686069	-0.88165
0.789188	-0.9438
0.644106	-0.782357
0.758172	-0.914993
0.741036	-0.760172
0.493254	-0.40943
0.966408	-0.980689
0.76665	-0.833446
0.691652	-0.6795
0.702527	-0.698208
0.435753	-0.466143
0.576183	-0.379181
0.701795	-0.540064
0.819818	-0.694526
0.466338	-0.398556
0.360607	-0.351007
0.615323	-0.597398
0.545917	-0.436809
0.754193	-0.592028
0.869688	-0.71002
0.712267	0.0240215
0.587349	0.0177237
0.6222	-0.1256
0.510123	-0.238135
0.414145	0.0962782
0.643961	-0.0167827
0.707542	0.309276
0.781607	-0.0301077
0.673665	0.137789
0.44044	0.401988
0.54688	0.117727
0.728748	-0.0886042
0.597453	-0.0227277
0.908277	-0.428734
0.849042	-0.475712
0.764341	-0.0999867
0.863653	-0.321135
0.706947	-0.035034
0.722505	-0.235524
1.02594	-0.771725
1.04411	-0.598483
0.76367	-0.137043
0.650778	-0.271254
0.603047	-0.17005
0.582165	-0.0578506
0.824541	-0.398106
0.725911	-0.224288
0.539935	0.00765497
0.63167	-0.432031
0.876973	-0.694387
0.618109	-0.299855
0.562884	-0.634318
0.220725	-0.240876
0.190925	-0.176538
0.290984	-0.185102
0.540027	-0.4842
0.232143	-0.131435
0.201363	-0.296442
0.059225	-0.249124
0.357307	-0.435055
0.0977024	-0.359651
0.224096	-0.350266
0.218503	-0.25242
0.531234	-0.253348
0.490746	-0.0666413
0.166996	0.0105698
0.113511	-0.313715
-0.0561724	-0.286111
0.314181	-0.4282
0.360433	-0.479964
0.6761	0.121738
0.713501	0.0421543
0.96608	-0.518678
1.08721	-0.556741
1.02715	-0.503719
1.0602	-0.585102
0.999045	-0.700367
1.09341	-1.00275
1.54346	-1.75297
1.57872	-2.03015
1.65698	-2.20412
1.75558	-2.35149
1.59014	-2.16068
1.62894	-2.19673
1.6679	-2.19265
1.78288	-2.45169
1.25896	-1.78568
0.866897	-1.05236
0.67246	-0.567356
0.489913	-0.472481
0.289039	-0.250244
0.267974	-0.0974063
0.32134	-0.150205
0.91442	0.0496778
1.14358	-0.187754
1.11501	-0.329888
0.91972	-0.444847
0.93277	-0.528311
0.790348	-0.339483
0.947	-0.483607
1.09206	-0.67148
1.25864	-0.888922
1.31583	-0.926788
1.24551	-0.769744
1.30157	-0.81958
1.25592	-0.84765
1.16654	-0.773227
1.12485	-0.800803
1.21087	-1.00581
1.17205	-1.03938
1.15535	-1.05538
1.15773	-1.05182
1.10364	-0.981423
1.19398	-1.05404
1.07375	-0.8767
1.10437	-0.893925
1.23848	-1.02878
1.31451	-1.07554
1.41672	-1.19371
1.39303	-1.0551
1.52722	-1.11212
1.55105	-1.19882
1.38073	-1.37451
1.38682	-1.3749
1.3404	-1.31419
1.1067	-1.1628
1.3768	-1.40191
1.28942	-1.22701
1.19011	-1.04945
1.56625	-1.46842
1.23117	-1.17352
1.69206	-1.69653
1.41345	-1.46656
0.972037	-1.10098
1.25773	-1.44678
1.26121	-1.33642
1.16311	-1.16157
0.87658	-1.05639
1.48126	-1.53002
1.52284	-1.5126
1.40652	-1.48112
1.2109	-1.12855
1.37321	-1.37024
1.09301	-0.905683
1.41089	-1.03705
1.51689	-1.19735
1.22896	-1.12279
0.843019	-0.858583
0.743946	-0.620699
0.766782	-0.463552
0.744436	-0.464786
0.802033	-0.511665
0.761102	-0.635277
0.41218	-0.348775
0.264469	-0.218297
0.405377	-0.472015
0.488358	-0.551253
0.521583	-0.558185
0.341272	-0.379669
0.298271	-0.361686
0.0728507	-0.431062
0.158138	-0.338641
0.447524	-0.532604
0.199158	-0.285073
0.113131	-0.290181
0.290015	-0.527869
0.479302	-0.505874
0.394315	-0.509727
0.169804	-0.403978
0.150493	-0.373839
-0.284014	-0.234589
-0.214825	-0.282312
-0.17016	-0.303143
0.0208564	-0.353843
0.200503	-0.579959
0.476504	-0.80181
1.10324	-1.09082
1.87379	-1.84437
1.14944	-0.90331
0.834575	-0.495353
1.08714	-0.764982
1.03505	-0.820434
1.72155	-1.45171
1.90872	-1.69111
2.01704	-1.82639
1.91391	-1.64394
1.38442	-1.09662
1.21414	-1.07621
1.15278	-0.954543
1.21822	-0.930259
1.04408	-0.725775
0.924089	-0.559589
0.935838	-0.579182
0.648352	-0.298802
0.372233	-0.124166
0.224484	-0.0350122
0.225825	-0.0140636
0.181197	-0.00630488
0.150992	-0.0303148
0.1821	-0.065677
0.183815	-0.0321038
0.072319	0.0852168
0.123599	0.147135
0.10847	0.201001
0.0292755	0.293819
0.0439872	0.131979
-0.0350233	-0.0188944
0.0294808	-0.195404
0.152098	-0.481325
0.409543	-0.817656
0.655415	-0.943718
0.681659	-0.981406
0.628378	-0.940337
0.632729	-0.810824
0.619271	-0.764012
0.928011	-0.946277
1.21837	-1.23464
1.19534	-1.14405
2.01629	-2.00408
2.0555	-2.11359
2.74336	-2.82977
3.00995	-3.21521
2.51233	-2.75772
2.24034	-2.63846
1.8818	-1.98982
1.79703	-1.80209
1.20546	-1.03259
1.08845	-0.782982
0.902969	-0.537286
1.09839	-0.866266
0.782632	-0.353705
0.848107	-0.591138
0.73564	-0.370394
0.649959	-0.504339
0.86379	-0.705881
0.91151	-0.926485
1.05662	-1.24145
1.15535	-1.50233
1.1927	-1.4865
1.34783	-1.7553
1.32634	-1.73345
1.43073	-1.85653
1.4045	-1.81962
1.59113	-2.04719
1.62253	-1.96789
1.05097	-1.07337
0.731228	-0.698257
0.601603	-0.493529
0.332124	-0.451549
0.278874	-0.500087
0.137987	-0.485486
-0.058804	-0.380079
-0.0595483	-0.526029
-0.098713	-0.497369
-0.0363951	-0.644914
0.0121834	-0.61277
0.254663	-0.514639
0.578452	-0.185295
0.502175	-0.22048
0.244466	-0.318262
0.177357	-0.595334
-0.118216	-0.564182
0.05116	-0.768221
0.0265694	-0.759737
0.0174576	-0.720407
0.221095	-0.831477
0.0158561	-0.70251
0.158797	-0.830104
0.186141	-0.705717
0.381431	-0.665656
0.333561	-0.632435
0.275614	-0.424545
0.375187	-0.715898
0.602424	-0.794039
0.477691	-0.724621
0.341203	-0.794427
0.339708	-0.812128
0.687974	-0.871605
0.952288	-0.814766
1.14037	-1.0033
1.0365	-0.799617
1.28615	-0.862424
0.891344	-0.580815
0.760407	-0.518544
0.489221	-0.228919
0.563419	-0.377122
0.48865	-0.15974
0.667935	-0.154735
0.576364	-0.0774684
0.587398	-0.264679
0.689853	-0.421806
0.724407	-0.493307
0.612399	-0.2753
0.682794	-0.26302
0.817975	-0.570785
0.571514	-0.30322
0.455807	-0.260179
0.627064	-0.358423
0.808463	-0.77065
0.588207	-0.29307
0.298727	-0.118399
0.421082	-0.165195
0.268035	-0.0432778
0.333047	-0.193162
0.244966	-0.326452
0.403634	-0.233611
0.364788	-0.189604
0.69824	-0.586479
0.61641	-0.542504
0.216036	-0.264679
0.249408	-0.279734
0.300895	-0.497531
0.45344	-0.461834
0.224782	-0.12394
0.224624	-0.183378
0.280192	0.0199164
0.380043	-0.0504762
0.5203	-0.271574
0.43457	-0.342822
0.351717	-0.123456
0.552959	-0.255953
0.565634	-0.32066
0.620677	-0.367132
0.718052	-0.543755
1.03531	-0.68201
0.992321	-0.675302
0.627083	-0.264729
0.722909	-0.472334
0.396141	-0.200154
0.581158	-0.584785
0.501123	-0.430997
1.0158	-0.840995
1.24312	-1.39593
0.737224	-0.909711
1.09328	-1.02569
0.955737	-1.02833
0.770163	-0.700197
0.49748	-0.566812
-0.0733693	-0.400057
-0.163309	-0.563008
-0.227303	-0.540449
-0.128857	-0.576762
-0.000798248	-0.519248
0.234478	-0.428779
0.506573	-0.477074
0.693705	-0.481637
0.892123	-0.492767
1.02396	-0.420516
1.00933	-0.376703
1.09023	-0.519029
1.27158	-0.866879
1.1407	-0.890093
1.06982	-0.853768
1.13496	-0.951612
0.818635	-0.633887
0.893695	-0.786298
0.84666	-0.74276
0.905403	-0.36241
1.59836	-1.27814
1.34866	-0.772231
0.763916	-0.129359
0.800482	-0.35787
0.821146	-0.36246
0.656379	-0.192043
0.553198	0.0126514
0.910237	-0.275904
0.675379	0.0168183
0.724978	-0.131833
0.95847	-0.40618
0.755893	-0.235741
0.698856	-0.239449
0.558509	0.085408
1.1305	-0.618794
0.827863	-0.438914
1.00539	-0.556322
1.08492	-0.542817
1.45113	-0.885053
1.63801	-1.04929
2.00066	-1.49588
1.98976	-1.49271
2.0742	-1.61574
1.88089	-1.34373
1.67415	-1.08559
1.52779	-0.963958
1.48572	-1.03033
1.54693	-1.26975
1.57935	-1.63221
1.48499	-1.7369
1.30475	-1.74583
1.40257	-1.87371
1.28114	-1.81472
1.40694	-1.93683
1.64747	-2.23091
1.61035	-2.10387
1.74738	-2.2291
1.74523	-2.22962
2.20536	-2.70736
2.03047	-2.30561
1.54708	-1.43275
0.555429	-0.885264
0.537645	-0.797301
0.18788	-0.743989
1.53912	-1.34592
0.143816	-0.255825
-0.0316068	-0.489733
1.44352	-0.978943
1.314	-0.78854
1.16236	-0.645631
1.25383	-0.730821
0.604618	0.0900662
-0.153423	-0.25203
-0.217149	-0.337017
-0.410158	-0.430505
-0.447717	-0.718074
-0.410907	-0.796173
-0.503247	-0.852917
-0.448258	-0.87604
-0.344938	-0.794571
-0.215699	-0.714065
-0.10473	-0.557555
-0.0123449	-0.324678
0.245755	-0.35665
0.470905	-0.300343
0.532625	-0.233596
0.609109	-0.254822
0.898001	-0.57929
1.40547	-1.39963
1.44005	-1.61348
1.56744	-1.71309
1.57886	-1.73252
1.39777	-1.51066
1.42999	-1.50167
1.19775	-1.28086
0.964749	-1.09164
0.717889	-0.843264
0.607503	-0.848703
0.562701	-0.896488
0.722154	-0.968333
1.11944	-1.41411
0.482938	-0.826259
0.552075	-0.916889
0.646496	-0.852806
0.785414	-0.800237
0.533544	-0.46971
0.655602	-0.284974
0.803996	-0.606813
0.447881	-0.497794
0.575662	0.267737
0.546031	0.121623
0.695229	-0.705688
0.513854	-0.722022
0.584677	-1.00403
0.195276	-0.776088
0.229946	-0.805178
0.532771	-1.02536
1.7865	-2.04919
1.83465	-2.50182
1.57135	-2.20003
1.12924	-1.6927
1.37151	-1.99169
1.64886	-2.40083
1.2907	-1.98431
1.12674	-1.81006
1.2996	-1.93845
0.892707	-1.44957
0.931091	-1.43487
0.50728	-0.734095
0.657061	-0.571645
-0.0397148	-0.255713
-0.0499859	-0.281628
0.163707	-0.432363
0.262467	-0.423577
0.394384	-0.550769
0.606908	-0.693636
0.83528	-1.07971
1.19674	-1.50807
0.900361	-0.820291
1.05728	-0.994197
0.737553	-0.671734
0.657166	-0.467312
0.882778	-0.365757
0.397552	0.228204
0.509197	0.296767
0.294082	-0.0101845
0.103995	0.0612106
0.67873	-0.309507
0.527847	-0.122869
0.522374	-0.199768
0.787764	-0.444362
1.37255	-1.44779
1.34008	-1.64423
0.769894	-0.968108
0.468294	-0.727404
0.398134	-0.598332
0.320862	-0.621198
0.172754	-0.527073
0.342971	-0.686282
0.500819	-0.825229
0.276622	-0.654971
0.5395	-0.875296
0.751616	-1.11369
1.23817	-1.7022
1.48097	-1.88923
1.42263	-1.70448
1.14964	-1.53582
1.27965	-1.7466
1.19107	-1.69345
1.36846	-1.91355
1.27135	-1.82237
1.37452	-1.97186
1.40667	-1.92699
1.44321	-1.88865
1.0135	-1.34482
0.45417	-0.687564
0.668492	-0.977208
0.137154	-0.524539
0.0482803	-0.253381
0.0633648	-0.21212
0.388141	-0.389736
0.695103	-0.59657
0.963624	-0.760799
1.1855	-0.96929
1.46433	-1.25227
1.37158	-1.10751
1.20201	-0.963305
0.995298	-0.765803
1.05904	-0.790303
0.814894	-0.662763
0.688379	-0.541346
0.601798	-0.433411
0.690175	-0.410017
1.09975	-0.854024
1.01111	-0.799998
0.908546	0.156853
0.962947	0.0956413
0.936489	-0.139666
0.468271	-0.39483
0.275524	-0.28936
-0.220322	-0.190779
-0.269671	-0.215714
-0.0902767	-0.241936
-0.236592	-0.256545
-0.39197	-0.455779
-0.303701	-0.352188
-0.443856	-0.385218
-0.278964	-0.0185554
0.298891	-0.17551
0.528311	-0.537978
0.325038	-0.463808
0.168979	-0.250493
0.426929	-0.83821
0.549386	-0.861877
0.347757	-0.69287
0.322013	-0.642058
0.479528	-0.675131
0.121426	-0.339165
0.35027	-0.477283
0.276376	-0.127906
0.370932	-0.444203
0.451731	-0.350925
0.490381	-0.350654
0.377519	-0.3312
0.279393	-0.356242
0.602243	-0.447946
0.606994	-0.329637
0.646901	-0.240595
0.311746	-0.0684111
0.386068	-0.119788
0.524157	-0.245135
0.663191	-0.281895
0.644811	-0.429342
1.02297	-0.914954
1.09164	-0.891457
0.919889	-0.713304
0.947105	-0.569813
0.729567	-0.475404
0.692069	-0.315232
1.10748	-0.687667
1.11135	-0.684323
1.31402	-0.648307
0.617366	-0.413072
1.63252	-0.926098
1.51952	-0.765602
1.50155	-0.730832
1.35729	-0.674166
1.47012	-0.969805
1.59088	-1.2227
1.54157	-1.29348
0.575003	-0.0835734
0.17858	0.143358
0.332181	0.368237
0.546064	0.561396
0.24387	0.436148
0.34371	0.392974
0.3387	0.339339
0.523449	-0.143975
0.566711	-0.273441
0.70056	-0.365252
0.846222	-0.415698
0.819779	-0.263634
0.743869	-0.333952
0.812153	-0.41091
0.988923	-0.40337
0.851749	-0.352308
0.558884	-0.0034679
0.16115	0.36407
0.340524	0.428024
0.293223	0.321925
0.439997	0.104193
0.86751	-0.433973
0.956809	-0.425557
1.2843	-0.605857
0.941147	-0.926231
2.42219	-2.62007
2.47175	-2.78989
2.00048	-2.22683
1.71302	-1.82926
1.44506	-1.46184
1.28736	-1.09442
1.50793	-1.20568
1.62306	-1.25738
1.50467	-1.09625
1.43677	-0.975135
1.53472	-1.01741
1.47778	-0.995202
1.48628	-0.825948
1.71941	-1.04019
1.63947	-0.922175
1.76551	-1.03261
2.04738	-1.37077
2.39763	-1.83037
2.68976	-2.255
2.70289	-2.41658
2.24762	-1.81929
2.68152	-2.68608
2.8593	-3.17019
3.21961	-3.86525
3.54273	-4.44734
2.51946	-2.91581
1.64694	-1.69472
0.700284	-0.564111
0.972711	-1.19123
0.666446	-0.982411
0.507238	-0.878956
1.35635	-1.86518
0.797648	-1.19974
1.75618	-2.13201
2.04978	-2.23484
1.7509	-1.58432
1.84434	-1.5842
1.71793	-1.47532
1.93354	-1.75386
1.67621	-1.446
1.70078	-1.53121
1.54335	-1.21829
1.2972	-0.877954
1.2447	-0.898885
1.50133	-1.08952
1.32215	-0.974331
1.43756	-0.954813
1.43261	-1.00969
1.25417	-1.00151
0.698939	-0.239385
0.58548	-0.156171
0.454438	-0.452643
0.410187	-0.522843
0.652638	-0.594016
1.06732	-0.905474
1.06586	-0.881435
1.03198	-0.804803
1.07572	-0.843643
0.815571	-0.694915
1.15663	-0.942559
1.17639	-1.02582
1.15086	-0.907198
0.361971	-0.415718
0.718927	0.263092
0.589181	0.286757
0.537064	0.325129
0.23587	0.0414298
0.948826	-0.622715
1.49456	-1.13183
1.64773	-1.25195
2.10144	-1.93494
2.28419	-2.34132
2.96403	-3.51281
3.2346	-3.98983
2.87746	-3.55939
2.38727	-2.87755
2.18401	-2.40538
1.13501	-1.07938
1.05058	-0.739048
1.09725	-0.688904
0.997321	-0.712593
1.26644	-1.10369
0.927737	-0.652421
-0.14491	0.447098
-0.422573	0.482718
-0.22873	0.29179
0.54191	-0.559542
0.639937	-0.59672
1.35174	-1.26187
1.35745	-1.55012
1.8624	-2.17361
1.83638	-2.16486
1.63341	-2.08792
1.52674	-2.07382
1.3195	-1.97646
1.09964	-1.74837
1.30347	-2.0391
1.24198	-1.94663
0.93454	-1.27016
0.337589	-0.406429
0.355824	-0.707638
0.610202	-0.477025
0.338091	0.0839593
0.627071	-0.00082
1.00603	-0.587865
1.07902	-0.702824
1.18336	-0.805556
1.46041	-1.26441
1.64843	-1.59387
2.18043	-2.30138
2.36761	-2.48915
2.34939	-2.2861
2.55682	-2.51936
2.4585	-2.25107
2.41973	-2.20881
2.72843	-2.64822
2.51725	-2.40607
2.76474	-2.77596
2.6834	-2.70167
2.64945	-2.66116
3.01671	-3.3451
2.39575	-2.56962
2.38539	-2.55928
1.93013	-1.97382
1.63562	-1.81109
1.07036	-1.18124
0.576338	-0.764743
0.360988	-0.736721
0.285741	-0.675953
0.116413	-0.577226
0.218354	-0.671212
0.139212	-0.687628
0.33905	-0.494619
0.26417	-0.691742
0.421665	-0.670145
0.129178	-0.685679
0.302625	-0.465778
0.703466	-0.801314
0.783601	-0.872562
1.09218	-0.709465
1.01384	-0.779989
0.937132	-0.496576
1.09811	-0.660026
0.802499	-0.496406
0.717332	-0.206462
0.685584	-0.349273
0.809172	-0.525736
0.961237	-0.498624
1.1528	-0.590187
0.349688	-0.0279039
0.738833	-0.568156
0.779183	-0.425746
0.776538	-0.525919
0.900025	-0.724347
0.640893	-0.551611
1.08341	-1.30679
1.29645	-1.66125
1.22178	-1.60387
1.39148	-1.71785
1.3052	-1.68735
1.14069	-1.5801
1.1107	-1.58363
1.05851	-1.54792
1.15928	-1.61397
1.32856	-1.57358
1.6189	-1.58325
1.37542	-1.25203
1.17692	-0.986727
1.03917	-0.839409
1.08088	-0.878333
1.175	-1.00059
1.32447	-1.21443
1.46696	-1.43337
1.4846	-1.75946
1.26603	-1.85076
1.30906	-1.89067
1.29244	-1.89294
1.40129	-2.01767
1.44166	-2.06786
1.55324	-2.13322
0.964415	-1.44906
0.301051	-0.857136
-0.00292121	-0.708315
-0.166228	-0.63768
-0.153673	-0.640797
-0.116562	-0.675273
0.0187037	-0.645632
0.202216	-0.619117
0.4853	-0.532075
0.584934	-0.512057
0.798978	-0.53662
0.959966	-0.541951
1.13726	-0.558929
1.09769	-0.323749
1.16171	-0.566714
1.42609	-1.43086
1.17796	-1.08133
0.981054	-0.873999
1.01837	-0.672093
0.728771	-0.420656
1.2228	-1.02238
1.09575	-0.834304
1.46252	-1.01103
2.11096	-1.73396
2.3379	-2.19302
2.83741	-3.02433
2.83383	-3.09992
2.77444	-3.00776
2.49352	-2.64005
2.22368	-2.32127
1.99427	-2.00053
1.84372	-1.86094
1.69071	-1.75605
1.47592	-1.60062
1.49878	-1.58687
1.44531	-1.46672
1.53637	-1.59083
1.52595	-1.51031
1.64082	-1.59195
1.65942	-1.54255
1.89344	-1.70533
1.56441	-1.31204
1.53043	-1.29545
1.65282	-1.46383
1.6439	-1.48286
1.61562	-1.49297
1.33388	-1.05152
1.20668	-1.00408
1.16957	-1.09362
1.31046	-1.3227
2.00914	-2.25908
1.95305	-1.86415
1.14361	-0.870667
2.18562	-2.29797
2.24205	-2.25095
1.96643	-2.23851
1.56145	-1.47429
1.72003	-1.89523
1.75218	-2.06218
1.36882	-1.67555
0.133374	-0.238121
0.20677	-0.204476
0.10108	-0.0360868
0.641861	-0.264927
0.490455	-0.267374
0.8308	-0.529056
0.833819	-0.620199
0.979639	-0.647842
0.248638	0.192107
0.321775	0.215309
0.90084	0.346919
1.76143	1.06304
1.32804	0.529394
1.7553	1.03499
1.7875	1.03107
1.64221	0.734097
1.75815	1.02842
1.71258	1.07619
1.41193	0.549405
1.58273	0.855278
1.49343	0.517528
1.12322	0.123786
0.993591	0.0428626
1.09289	-0.0455387
0.917797	-0.113136
0.962818	-0.324489
1.02106	-0.470808
0.872964	-0.605163
0.983523	-0.688518
0.963475	-0.756349
1.21469	-0.708922
1.1291	-0.904268
1.01925	-0.63296
1.00499	-0.53775
1.00154	-0.782322
0.77561	-0.797942
0.632227	-0.703705
0.582407	-0.65217
0.6566	-0.8896
0.502287	-0.824622
0.493352	-0.747155
0.575782	-0.719598
0.592559	-0.860877
0.639636	-1.06276
0.521492	-0.680658
0.681655	-0.645186
0.0997593	-0.044777
0.413195	-0.218662
0.210643	-0.368608
0.545589	-0.207954
0.8304	-0.3015
0.426222	-0.31633
0.52734	-0.360554
0.354019	-0.0640988
0.45193	-0.313995
0.180091	0.134764
0.425193	-0.0197791
0.454828	0.269569
0.415893	0.369823
0.54596	0.199203
0.459392	0.375181
0.521145	0.52692
0.405886	0.183722
0.375954	0.197724
0.578245	0.100493
0.450098	0.323234
0.458997	0.254889
1.04121	-0.101097
1.43048	-0.702099
3.26325	-3.20959
2.14833	-1.2527
2.07445	-1.242
1.57599	-0.618553
1.42839	-0.484303
1.43823	-0.517174
1.78202	-1.01876
1.93368	-1.32615
1.9047	-1.37752
1.90659	-1.37339
1.98338	-1.54034
2.14735	-1.7542
2.35356	-2.09801
2.66251	-2.53883
2.60246	-2.5533
2.66664	-2.6853
2.9497	-3.17293
3.10675	-3.37883
3.21134	-3.61848
2.22975	-2.25399
2.54239	-2.93206
1.4036	-1.22833
1.36245	-1.0977
1.72617	-1.62639
1.66812	-1.44853
1.99356	-1.82619
2.01896	-1.65776
2.29271	-2.06521
1.54497	-1.03456
1.55919	-1.02622
1.95277	-1.45784
1.82264	-1.20418
0.91065	-0.447855
0.836011	-0.451024
0.931929	-0.600306
0.742469	-1.07636
0.757269	-1.35277
0.649975	-1.29729
0.522081	-1.16749
0.35572	-1.01562
0.280237	-0.924549
0.199763	-0.937495
0.121873	-0.907728
0.0703456	-0.856533
-0.00567744	-0.667642
0.0121261	-0.767301
-0.179568	-0.755017
-0.0152519	-0.535771
0.0383783	-0.40374
0.222354	-0.624817
0.331675	-0.555936
0.442992	-0.533964
0.555622	-0.499017
0.592442	-0.451819
0.76575	-0.562339
1.02956	-0.800278
1.22261	-1.1253
1.18334	-1.23794
1.22149	-1.61549
1.12639	-1.58357
1.2362	-1.76319
1.23643	-1.80765
1.51686	-2.09056
0.636935	-0.936562
0.392497	-0.692733
0.270532	-0.330983
0.455546	-0.317193
0.543513	-0.479466
0.741075	-0.514165
0.112699	0.122809
-0.0420668	0.170162
0.369055	-0.430457
1.44041	-1.37066
1.98047	-1.97052
1.9032	-1.69032
2.08475	-1.93759
2.33589	-2.20998
2.89379	-3.0098
2.79055	-2.94072
2.38687	-2.4361
2.47924	-2.64031
2.31829	-2.44641
2.04671	-2.0266
1.99961	-1.96681
1.9441	-1.79317
2.30011	-2.37552
2.0365	-2.04253
2.11051	-2.11443
2.51326	-2.87689
2.26712	-2.55063
2.35097	-2.67438
2.20583	-2.46831
2.30726	-2.62531
2.14222	-2.50293
1.88198	-2.19126
1.70185	-1.75721
1.29226	-1.19791
1.16889	-0.925926
1.42106	-1.14512
1.26865	-0.909022
1.00808	-0.476645
0.911582	-0.300345
0.924388	-0.288416
0.916947	-0.319843
1.06289	-0.553765
1.27332	-0.821064
1.38019	-1.10412
1.71584	-1.51385
2.15151	-1.90882
2.55367	-2.62445
2.91058	-3.08939
1.75955	-1.42653
0.956964	-0.684206
0.614823	-0.636453
0.169718	-0.601486
-0.420204	-0.326997
-0.2829	0.092167
0.32978	0.191831
0.209708	-0.130115
0.483654	-0.298352
1.22567	-0.942138
1.08863	-0.776331
0.954991	-0.640513
0.67474	-0.367251
0.628901	-0.252951
1.38542	-0.923946
1.2618	-0.883093
0.941776	-0.648758
0.912206	-0.698111
0.896012	-0.728601
1.16658	-1.28486
1.27251	-1.44801
1.12356	-1.05179
1.14921	-0.920439
1.28155	-0.985405
1.11451	-0.769045
1.3721	-0.971104
1.32912	-0.526774
1.21351	-0.745081
1.10382	-0.698088
1.27714	-0.9174
1.14872	-0.811224
1.49563	-1.08798
1.64778	-1.58353
1.18461	-1.51323
1.26833	-1.63935
1.49537	-1.35501
1.55475	-1.12058
1.81823	-1.7011
1.47813	-1.0942
1.55301	-1.19124
1.5211	-1.52611
1.00939	-0.948156
1.39881	-1.53677
1.285	-1.58949
0.887373	-1.13328
1.03646	-1.25487
0.814256	-0.963774
1.03382	-1.1826
1.11576	-1.36073
0.804228	-1.03646
0.75993	-0.841362
0.589862	-0.422395
0.683727	-0.628559
0.949434	-0.647543
0.583529	-0.337947
0.785608	-0.283197
1.04983	-0.622962
0.803942	-0.674049
0.5378	-0.260378
0.64243	-0.264934
0.928069	-0.542709
0.72217	-0.423193
1.00094	-0.609728
0.973295	-0.501712
0.954131	-0.498878
0.933087	-0.59123
0.991717	-0.784439
0.705078	-1.15071
0.876165	-1.5383
1.08079	-1.73822
1.58909	-2.12987
1.51086	-2.0933
1.57667	-2.10627
2.04702	-2.03226
1.3116	-1.00891
1.11477	-0.791704
1.53835	-1.22675
1.78389	-1.44424
1.43889	-1.13406
1.6324	-1.33087
1.5907	-1.30708
1.08121	-0.645722
1.07223	-0.535168
0.902682	-0.47377
0.762263	-0.415753
0.612171	-0.503549
0.453508	-0.485882
0.644369	-0.566004
0.886769	-0.392553
0.478909	-0.326345
0.581515	-0.205555
0.579472	-0.144471
0.20213	0.177421
0.960078	0.292076
0.689984	-0.302299
0.98172	-0.848823
0.608616	-0.301221
0.775588	-0.450047
0.631221	-0.447177
0.597537	-0.480834
0.780507	-0.622549
0.696449	-0.458277
0.595085	-0.394055
0.630982	-0.552604
0.949106	-0.263539
1.61475	-0.958284
1.79707	-1.13603
1.99923	-1.33756
2.00436	-1.39318
1.8361	-1.37102
1.61159	-1.18842
1.48833	-1.11654
1.41174	-1.07744
0.246299	0.0564461
-0.270223	0.332791
-0.187696	0.285966
0.109502	0.413153
0.211992	0.506622
0.27679	0.619964
0.219365	0.555074
0.237644	0.665914
0.429152	0.832557
0.469351	0.644949
0.601865	0.175867
0.528726	0.289781
0.305185	0.387211
0.496488	0.362544
0.496249	0.31339
0.732896	-0.152327
0.867033	-0.19093
1.19464	-0.226882
0.776271	0.328017
0.426361	0.0160263
0.889435	-0.756497
0.854649	-0.648508
0.797568	-0.578439
0.883604	-0.672312
0.873399	-0.649249
0.93413	-0.761952
0.970158	-0.84389
0.984522	-0.860835
0.984497	-0.912664
1.00258	-0.975939
0.951484	-0.93975
0.969247	-0.991973
0.899615	-0.947105
0.739079	-0.812952
0.63245	-0.746579
0.578342	-0.736165
0.40452	-0.563782
0.433219	-0.528083
0.560438	-0.58643
0.838435	-0.850752
1.24041	-1.37751
1.11875	-1.14088
1.03351	-1.13781
0.445327	-0.343789
-0.0078741	0.321972
-0.0422401	0.300009
0.377659	-0.156357
0.706714	0.296362
1.05889	0.122707
1.31511	0.487537
1.46308	0.658303
1.21442	0.682511
1.0237	0.370944
1.05066	0.120949
1.07622	-0.429744
0.906727	-0.398057
1.78237	-1.63459
2.21977	-2.29612
2.4742	-2.66596
2.50025	-2.65509
3.35972	-3.81353
3.95961	-4.60614
2.87056	-2.78685
2.36814	-1.95529
2.13299	-1.62172
2.00434	-1.81771
1.68379	-1.76188
0.892846	-1.03851
0.482179	-0.584427
0.652098	-0.49024
0.938193	-0.619799
0.7153	-0.351763
0.555394	-0.234482
0.837533	-0.321825
0.690211	-0.317781
0.39311	-0.686657
0.370408	-0.875289
0.494989	-0.938386
0.49741	-0.892437
0.416239	-0.750105
0.538024	-0.743083
0.838444	-1.06785
1.10244	-1.25178
1.38761	-1.63002
1.55273	-1.83585
1.41867	-1.58364
1.27831	-1.28001
1.02513	-0.814139
0.986144	-0.585914
0.985067	-0.537421
0.969067	-0.5711
1.08408	-0.895599
1.10291	-1.19342
1.04427	-1.22453
1.06317	-1.25378
1.15482	-1.32298
0.959242	-1.09091
0.948632	-1.10834
1.19231	-1.32529
1.05365	-1.15682
1.03485	-1.11366
0.991506	-1.03621
1.07226	-1.14985
1.1604	-1.10462
1.13911	-1.12691
1.13809	-1.12726
1.10468	-1.14034
1.2466	-1.24776
0.967986	-0.995957
1.15178	-1.16792
0.92054	-0.88197
0.733108	-0.686882
0.545836	-0.556288
0.659401	-0.617247
0.805355	-0.747448
0.798476	-0.764603
0.832675	-0.812587
-0.339173	-0.176297
-0.224735	-0.697873
0.382721	-0.643199
0.741062	-0.580002
0.794267	-0.669124
0.989665	-0.836794
1.3062	-1.16011
1.94923	-2.07963
1.9034	-2.04564
2.13654	-2.53807
2.14887	-2.48032
1.38811	-1.30693
1.08587	-1.44222
1.05106	-1.17797
0.643553	-0.797235
0.499458	-0.682471
0.458085	-0.627701
0.655698	-0.7014
0.487723	-0.398637
0.742867	0.017127
0.78409	0.0224958
1.08635	0.61077
1.26199	0.673152
1.55875	1.28926
1.239	0.673139
1.38594	0.815458
1.50195	0.653559
1.70129	1.17067
1.33383	0.693361
1.3171	0.218534
0.654218	-0.56439
0.619726	-0.857201
0.558579	-0.785343
0.707003	-0.915336
0.982595	-1.08221
0.734823	-0.746371
0.970062	-0.917212
1.38636	-1.30955
2.28672	-2.12805
1.7879	-1.57254
2.38946	-2.35677
2.35521	-2.17884
2.50398	-2.53214
2.92863	-3.18823
2.91989	-2.9929
1.93789	-1.83196
1.63871	-1.30491
1.77095	-1.56893
1.52548	-1.28513
1.66296	-1.79195
1.11884	-1.16214
1.45267	-1.61538
1.24838	-1.44098
0.507587	-0.681676
0.584674	-0.756555
0.330186	-0.296827
0.327422	-0.124026
0.424629	-0.446502
0.528223	-0.279993
0.684431	-0.398018
0.569687	0.00775203
0.92225	0.360958
1.08834	0.56368
1.13717	0.481015
1.02364	0.436041
0.851317	0.28939
1.29514	0.835471
0.850607	0.400088
0.910705	0.444417
1.36002	0.592834
1.24886	0.801516
1.05305	0.410029
0.712164	0.0922299
1.03824	0.261535
0.810521	0.247148
0.644368	0.000566189
0.680365	-0.1008
0.477103	-0.121398
0.441667	-0.468225
0.301408	-0.432322
0.453682	-0.421526
0.613469	-0.554695
0.812597	-0.794115
0.339846	-0.525136
0.384586	-0.369056
0.386343	-0.295415
0.548685	-0.48038
0.58689	-0.35688
0.68069	-0.604045
0.408982	-0.403416
0.483854	-0.384887
0.458423	-0.48297
0.489002	-0.496372
0.420314	-0.310734
0.732221	-0.601458
0.52641	-0.394905
0.39294	-0.13693
0.375902	-0.381003
0.603606	-0.332573
0.483132	-0.25048
0.545279	-0.435372
0.803516	-0.82657
0.762595	-0.86619
0.541583	-0.444298
0.756144	-0.50829
0.790346	-0.775039
0.722896	-0.422787
0.579677	-0.482838
0.690328	-0.647939
0.690119	-0.518476
0.719789	-0.837851
0.879169	-1.33689
1.04835	-1.65621
1.11034	-1.27325
0.985759	-1.32048
1.42476	-1.90216
1.5043	-1.94522
1.72584	-1.82526
1.30023	-1.18351
0.896797	-0.599638
0.734422	-0.365261
0.775305	-0.473421
0.650601	-0.428986
0.815233	-0.740165
0.854119	-0.872796
1.06687	-1.1007
1.02368	-1.06779
1.01264	-1.02884
1.07382	-0.982893
1.29331	-1.116
1.43033	-1.16659
1.77489	-1.48973
2.00232	-1.81151
1.90597	-1.78447
2.06413	-2.22878
1.68192	-2.08837
1.68747	-2.04737
1.74506	-2.03527
1.99068	-2.24084
2.11681	-2.22292
2.37406	-2.34674
2.37909	-2.1284
2.52953	-2.25314
2.2541	-1.77136
1.64104	-0.942668
1.66043	-1.30458
1.42662	-1.3543
1.46823	-1.46314
1.30479	-1.31112
1.18194	-1.18878
1.12731	-1.14792
1.1511	-1.20183
0.87986	-0.52522
0.528488	-0.280131
0.773189	-0.606307
0.968306	-0.764392
0.98315	-0.816001
0.883576	-0.814799
0.473195	-0.464877
-0.119555	0.00792808
-0.244707	0.0415765
-0.225587	0.202127
0.296006	-0.118745
0.385989	-0.10835
1.02086	-0.659775
0.914252	-0.467589
1.21115	-0.767663
1.26874	-0.847709
1.66681	-1.35869
2.24946	-2.09631
2.12529	-1.91234
2.18239	-2.09206
2.22482	-2.48954
2.40904	-2.84669
1.87721	-2.13076
1.92856	-2.16706
2.11688	-2.37487
2.18556	-2.42317
2.28465	-2.50439
2.27094	-2.36437
2.40504	-2.52101
2.55184	-2.91217
2.54571	-2.76882
1.75879	-1.65997
1.28038	-1.02709
1.29653	-0.88594
1.25688	-0.871278
1.43157	-1.00955
1.97446	-1.40471
1.52194	-0.9791
2.20615	-1.64335
2.14019	-1.54597
2.37752	-1.80427
2.87219	-2.43083
1.81702	-1.21164
1.98157	-1.51163
2.59907	-2.3843
1.58851	-1.24049
1.6874	-1.42292
1.18493	-0.961235
1.3805	-1.21671
1.46754	-1.41074
1.29551	-1.20389
1.59132	-1.3916
1.2169	-1.02403
0.91022	-0.535722
1.24776	-0.773338
0.878803	-0.585543
1.04968	-0.731649
1.2941	-1.20904
1.09851	-0.872324
1.14286	-0.688169
1.13193	-0.916408
0.828495	-0.586179
0.572117	-0.180552
0.872442	-0.524485
0.910214	-0.5703
0.922098	-0.487393
0.852781	-0.478197
1.14235	-0.709984
0.768862	-0.59023
0.423247	-0.389489
0.40276	-0.20057
0.26545	-0.201698
0.433478	-0.383642
0.35559	-0.408591
0.267249	-0.284488
0.334526	-0.459151
0.206977	-0.366012
0.270217	-0.201565
-0.119325	-0.351259
-0.710861	-0.491013
-0.544102	-0.727869
-0.26167	-0.751701
-0.571978	-0.668206
-0.314257	-0.826967
-0.355357	-0.627797
-0.422188	-0.489077
-0.294623	-0.655921
-0.242578	-0.526371
-0.097176	-0.605685
0.0872644	-0.557045
0.118285	-0.490379
0.2993	-0.455763
0.665135	-0.560396
0.997548	-0.827371
1.30803	-1.2203
1.14358	-0.937255
1.4094	-1.51737
1.84079	-2.49719
1.60817	-2.20223
1.72998	-2.23257
0.722604	-0.85423
-0.0835984	-0.521209
0.250383	0.0728076
0.183703	0.282138
0.0799963	0.0131473
0.710377	0.465686
0.717532	0.392061
0.732201	0.389635
1.22633	0.839734
0.633508	0.331432
0.549698	0.491746
0.678116	0.265019
0.649354	-0.112214
1.39204	-1.00763
1.7385	-1.50704
1.53335	-1.2611
1.33303	-1.05009
1.51729	-1.29156
1.17589	-1.15315
1.05821	-1.06752
1.20801	-1.35444
1.34172	-1.5573
1.39942	-1.54933
1.67133	-1.8049
1.70638	-1.67346
1.65707	-1.54822
1.57582	-1.38524
1.81436	-1.72538
2.36717	-2.66005
1.86757	-1.8318
1.54186	-1.44051
1.5188	-1.52714
1.33125	-1.36901
1.31799	-1.43056
1.23667	-1.35855
1.26305	-1.43291
1.27791	-1.45901
1.22872	-1.35735
1.37767	-1.50599
1.5091	-1.68356
1.65298	-1.83529
1.68164	-1.83119
1.60997	-1.63242
1.49482	-1.41265
1.17659	-0.851272
1.14659	-0.722683
1.25361	-0.867582
1.25082	-0.93192
1.17038	-0.92837
1.20537	-1.01629
1.34268	-1.17935
1.26496	-1.13272
1.12552	-0.927023
1.23736	-0.970711
1.18671	-0.882257
1.15227	-0.749198
1.49167	-0.939294
2.12055	-1.89721
1.50534	-1.11479
1.31261	-1.03693
1.5226	-1.24527
1.65055	-1.20941
1.4038	-1.01755
1.44512	-1.02372
0.580319	0.270875
0.472974	0.720618
0.429306	0.2935
0.734376	-0.192784
0.853816	-0.359396
1.2107	-0.552413
0.921916	-0.360914
0.835258	-0.33091
0.638957	-0.130704
1.09375	-0.636314
0.819963	-0.329051
0.513449	-0.0477427
0.762172	-0.258938
0.893776	-0.427773
1.02247	-0.595573
1.09833	-0.148441
0.740165	0.179301
0.738301	0.167097
0.847458	0.0952958
1.06974	-0.186766
1.62469	-0.869597
1.80912	-1.17429
1.72301	-1.00024
1.67134	-0.994596
1.62027	-0.901563
1.4769	-0.768722
1.68191	-1.05727
1.88725	-1.27193
2.20283	-1.84974
2.22747	-1.98728
2.11148	-1.63954
1.58399	-0.887327
0.15819	0.181559
0.0305788	0.325509
0.14679	0.539081
0.129133	0.431473
0.586584	0.28875
0.386953	0.353459
0.908451	-0.159075
0.824146	-0.157152
0.64024	-0.034071
0.807401	-0.172386
0.953579	-0.308578
0.693327	0.007274
0.452918	0.240244
0.443951	-0.0121189
0.618574	-0.140452
0.847818	-0.129341
1.99009	-1.69957
2.55768	-2.57203
2.99353	-3.18721
2.96723	-3.14294
2.84411	-2.89166
2.98165	-2.91061
2.6563	-2.3664
2.76424	-2.54838
3.06467	-3.14416
2.66617	-2.42438
2.26183	-1.8879
1.86799	-1.43535
1.67109	-1.37367
1.74929	-1.3763
1.37784	-0.683835
1.38345	-0.878376
1.39462	-0.792988
1.35365	-0.736098
0.800428	-0.397246
0.792454	-0.310927
0.617359	-0.622836
0.847498	-0.539859
0.941602	-0.667953
0.846432	-0.481259
0.964037	-0.644256
0.564667	-0.806084
0.752275	-0.773345
0.975065	-1.1041
0.259526	-0.597394
0.175492	-0.577073
0.566103	-0.800758
1.06132	-1.34812
1.07072	-1.4289
0.965696	-1.27486
1.11513	-1.45098
1.06185	-1.43401
1.19668	-1.65259
1.4142	-1.83802
0.993926	-1.24356
1.12565	-1.48948
0.693885	-0.821442
0.428482	-0.57652
0.0521944	-0.202595
0.350268	-0.242989
0.727659	-0.724234
0.816496	-0.568568
1.03443	-0.534137
1.69633	-1.30117
2.67769	-2.05053
2.85933	-1.71037
2.56645	-1.52138
2.55448	-1.44414
3.27446	-2.81294
3.66585	-3.89397
3.26198	-3.54656
3.57431	-4.06753
3.21992	-3.43235
1.21444	-0.609539
0.896232	-0.255872
0.735903	-0.188255
0.970887	0.27249
1.11296	0.669396
1.21655	0.652245
1.26082	0.81625
1.11214	0.71307
1.11909	0.552274
0.461542	0.369009
0.471962	-0.312466
1.1172	-0.965049
0.938883	-0.795188
1.0328	-0.919806
0.878257	-0.745644
0.809883	-0.660805
0.814688	-0.683997
0.97811	-0.847856
0.698514	-0.614865
-0.0254984	-0.156228
0.0620064	-0.24416
0.274767	-0.288792
0.381072	-0.314466
1.18029	-1.14444
1.21993	-1.2647
1.53378	-1.92932
1.31651	-1.80252
1.2197	-1.74242
1.03336	-1.54352
1.03454	-1.54507
1.10996	-1.58435
1.27425	-1.74262
1.41659	-1.92406
1.4924	-1.87476
1.29387	-1.66073
1.25346	-1.63875
1.12378	-1.52637
0.960144	-1.37873
0.985752	-1.38729
0.973056	-1.38885
0.999752	-1.30637
1.09927	-1.12823
0.734571	-0.600083
0.760495	-0.766179
0.687831	-0.705365
0.816727	-0.672185
0.768484	-0.53384
0.882989	-0.645994
0.765518	-0.696248
-0.0588222	0.366151
-0.0203299	0.204464
0.20176	-0.190658
1.08245	-1.28417
0.93808	-1.28736
1.27056	-1.62278
1.38707	-1.88977
1.37629	-1.99569
1.31167	-1.943
1.38893	-2.0417
1.40109	-2.08569
1.43576	-2.05187
1.06359	-1.4427
0.726888	-1.00594
0.431539	-0.435673
0.0892186	-0.0658829
-0.153638	-0.120615
0.0475213	-0.147202
0.325584	-0.0162674
0.363569	-0.289273
0.832794	-0.365586
2.46977	-1.92334
3.34015	-3.22597
3.13869	-2.91698
3.01364	-2.9576
2.91991	-3.08982
3.46504	-3.79323
3.12376	-3.20533
2.95956	-2.91265
2.86998	-2.76018
2.64542	-2.40952
2.55628	-2.4628
2.56505	-2.3181
1.99097	-1.5172
1.8403	-1.51729
1.51147	-1.19328
1.54342	-1.12179
1.18943	-0.546297
1.06543	-0.364447
1.13021	-0.467657
1.36961	-0.899656
1.10148	-0.518175
1.19996	-0.363728
1.00267	-0.369186
0.851	0.0603733
0.896438	0.202253
0.721545	0.415069
0.573125	0.778941
0.577119	0.668051
0.469342	0.469797
0.650937	0.747774
0.507591	0.561765
0.431332	0.464858
0.450879	0.390963
0.426483	0.704369
0.762589	0.657697
1.26636	1.29428
0.75339	0.820028
0.95901	1.0568
0.763919	0.891621
0.52607	0.493312
0.451405	0.534987
0.591834	0.691687
0.486031	0.45511
0.517592	0.267453
0.531093	0.235635
0.456293	-0.139244
0.490599	-0.0153677
0.332298	0.0140241
0.0445557	-0.0164692
0.0697326	0.249512
-0.0224425	0.242503
-0.0986739	0.0293081
0.239738	-0.407901
0.0238338	0.00612222
0.727401	-0.138543
0.661331	-0.487699
0.595255	-0.428396
0.840268	-0.723911
0.673218	-0.666438
0.522776	-0.410881
0.7048	-0.669204
0.734036	-0.500059
0.72619	-0.401864
0.0410047	0.0690061
1.22485	0.965582
0.507236	0.237096
0.707533	-0.555691
0.690283	-0.520129
0.630412	-0.406466
0.222825	-0.122302
0.514437	-0.328613
0.455	-0.28283
0.713814	-0.503857
0.672392	-0.599805
0.549789	-0.58692
0.650141	-0.853089
0.00771713	-0.290649
0.27227	-0.15057
0.363703	-0.149294
0.543843	-0.480986
0.369168	-0.110082
0.377689	-0.171832
0.644789	-0.287048
0.63627	-0.341503
0.426474	0.173057
0.476736	0.0124445
1.05385	0.732629
0.961954	0.971569
0.606049	-0.255026
0.746551	-0.425053
0.456221	-0.0735096
1.03105	-0.755195
0.852663	-0.635559
0.694496	-0.732976
0.891517	-0.79897
0.868018	-0.643569
0.751451	-0.560085
0.640797	-0.432374
0.639072	-0.566567
0.542658	-0.373685
0.43045	-0.2672
1.05352	0.296775
0.0364485	-0.292444
0.680407	-0.439032
0.629078	-0.382037
0.490349	-0.209282
0.59226	-0.382662
0.139127	-0.161176
0.240571	-0.221765
0.305461	-0.422666
0.17003	-0.259046
0.0728192	-0.416133
-0.220083	-0.25742
0.331047	-0.141695
0.569542	-0.557534
0.728869	-0.714692
0.858023	-0.683489
0.931696	-0.602536
1.18949	-0.690427
1.23251	-0.616121
0.787668	-0.33204
0.726399	-0.49402
0.613825	-0.547647
0.771452	-0.744864
0.755154	-0.847654
0.664576	-0.814421
0.757004	-0.910458
0.761623	-0.79549
0.776434	-0.821866
0.644661	-0.72651
0.597349	-0.71887
0.632295	-0.723509
0.60456	-0.760783
1.11091	-1.29074
0.997943	-1.24344
0.899263	-1.05879
0.730638	-0.942894
0.628877	-0.912292
0.523556	-0.871521
0.48745	-0.861271
0.404776	-0.824797
0.370469	-0.828961
0.297188	-0.704131
0.0506405	-0.45038
-0.0863527	-0.301171
-0.125032	-0.146519
-0.242962	-0.0366294
-0.313555	0.0770398
-0.501795	0.0932106
-0.542579	-0.151187
0.0392394	-0.263612
-0.00605528	-0.19061
-0.0364952	-0.2072
0.134253	-0.0189654
0.497681	0.251553
0.590769	0.512722
0.40039	0.262985
0.37853	-0.172809
1.10063	-0.755279
0.371856	-0.223291
0.393342	-0.310879
0.725364	-0.521981
0.278727	-0.390483
0.0437164	-0.314688
-0.032322	-0.438335
0.223547	-0.475557
0.269247	-0.503496
0.581038	-0.169941
0.450505	-0.177132
0.243828	-0.533983
0.0500137	-0.396553
0.136438	-0.460545
0.245081	-0.625903
0.966583	-1.29952
1.25986	-1.52031
1.87655	-2.20304
1.76178	-2.00304
1.32142	-1.42692
1.11527	-1.17121
1.02269	-0.960371
1.13725	-1.0466
0.901762	-0.711936
0.75488	-0.581431
0.775513	-0.673212
1.10076	-1.24283
1.04227	-1.405
1.24574	-1.76464
1.31326	-1.78428
1.24623	-1.68577
1.5238	-2.02956
1.53307	-1.97471
1.06881	-1.252
1.41985	-1.90897
0.954057	-1.18999
1.35334	-1.65193
1.31695	-1.4224
1.82262	-1.92164
1.54898	-1.44398
1.5459	-1.71825
1.13443	-1.06004
1.01691	-1.03234
1.01162	-0.96256
1.3651	-1.28979
1.06564	-0.913963
0.814076	-0.604272
1.18006	-1.10405
1.28581	-0.998153
0.983878	-0.735369
0.932309	-0.708783
0.950919	-0.818984
0.867585	-0.684807
0.448069	-0.364665
0.931508	-0.527996
0.734368	-0.551175
0.840189	-0.817131
0.764141	-0.972937
0.692065	-0.8021
0.625165	-0.876436
0.792406	-0.722616
0.934436	-0.683084
0.817553	-0.486307
0.806105	-0.703221
0.540434	-0.265361
0.50716	-0.513175
0.359837	-0.233779
0.450872	-0.530129
0.852068	-0.705593
0.946662	-0.891943
1.07806	-1.02493
0.487379	-0.784815
1.12147	-1.12374
1.23361	-1.47113
0.583393	-0.778133
1.50822	-1.77929
1.3863	-1.59411
1.65344	-1.66835
1.99493	-2.42558
1.84587	-2.3416
1.84303	-2.40449
1.95319	-2.553
2.12545	-2.78973
2.10896	-2.65252
2.54285	-2.84944
2.0272	-2.08415
1.52075	-1.44602
1.55358	-1.47098
1.46708	-1.34566
1.4396	-1.31976
1.35661	-1.1996
1.45014	-1.35514
1.20193	-1.17897
0.942155	-1.00521
0.711424	-0.8547
0.532834	-0.761302
0.409622	-0.708901
0.356941	-0.726167
0.31826	-0.700294
0.474483	-0.855455
0.533371	-0.707129
0.907363	-0.839433
1.62135	-1.92273
1.21995	-1.53157
1.5146	-2.04582
1.08458	-1.5836
0.968825	-1.50164
0.87981	-1.37571
1.56231	-2.20499
0.871826	-1.32297
0.825413	-1.23629
1.17347	-1.50607
0.512203	-0.66353
0.332082	-0.559708
0.374058	-0.46009
0.602661	-0.58524
0.656613	-0.707769
0.725668	-0.850268
0.733348	-0.835104
0.755602	-0.832318
0.717952	-0.773536
0.743247	-0.652563
0.487019	-0.335108
0.374939	-0.205168
0.489905	-0.242853
0.668452	-0.404279
0.800949	-0.494833
0.905333	-0.607446
1.00013	-0.724315
1.21594	-1.00767
1.20984	-1.00515
1.19105	-0.981979
1.16831	-0.951901
1.18279	-0.994756
1.03267	-0.81941
0.956965	-0.766315
0.95954	-0.839868
0.726228	-0.58825
0.691113	-0.673368
0.635809	-0.698218
0.657087	-0.809183
0.551128	-0.766035
0.589468	-0.827071
0.599689	-0.793832
0.745718	-0.770786
0.849162	-0.833695
0.917016	-0.845925
0.82321	-0.721374
0.814408	-0.655823
0.87692	-0.741313
0.9126	-0.788621
0.968288	-0.788877
1.03873	-0.869872
1.17046	-0.99809
1.32267	-1.15893
1.36503	-1.26966
1.57583	-1.45077
1.65819	-1.64642
1.1542	-1.11854
1.01511	-0.91396
1.08324	-0.982766
1.19947	-1.03451
1.56391	-1.4386
0.991044	-0.878878
0.715255	-0.650642
0.886209	-0.926361
0.772232	-0.730257
0.049569	0.057948
-0.146342	0.0187122
0.130118	-0.00420871
0.639093	-0.0409946
0.798059	-0.605059
0.912355	-0.811856
0.853485	-0.747233
0.713254	-0.819729
1.08895	-0.683705
1.24205	-0.922039
1.30426	-1.06837
1.39091	-1.14779
1.47032	-1.42101
1.36306	-1.5852
1.31986	-1.55622
1.28716	-1.56949
1.33778	-1.67231
1.26712	-1.64007
1.58913	-1.84775
1.13494	-0.867184
1.08755	-0.653201
0.9348	-0.530544
0.887752	-0.70089
0.774447	-0.761843
0.674564	-0.731282
1.1558	-1.25767
2.03297	-2.48708
0.984173	-1.14243
0.889398	-0.89931
0.705715	-0.400744
1.00085	-0.73699
1.16903	-0.612688
1.47329	-0.891632
1.15126	-0.978709
2.02017	-2.03478
1.94296	-1.89291
2.0506	-1.95147
2.0112	-1.91572
1.67229	-1.40549
1.53871	-1.21955
2.14818	-2.36122
1.59037	-1.42487
0.341384	0.0711185
0.277073	0.288027
0.114927	-0.0283261
0.245768	-0.0562215
1.14342	0.338082
0.396634	-0.271251
0.640068	0.0303668
0.991438	0.351734
1.03783	0.360858
0.788227	0.16012
0.748516	-0.86293
1.56179	-1.63456
1.41552	-1.56397
1.42549	-1.62283
1.52496	-1.61473
1.28543	-1.19401
1.08108	-0.870733
1.09877	-1.13116
1.05311	-0.890397
0.806206	-0.669401
1.81394	-0.785111
1.75006	-1.5966
1.71504	-1.43489
1.96648	-1.80474
2.00729	-1.87598
2.6416	-2.73947
2.75082	-2.82775
2.59442	-2.5919
2.36125	-2.44674
1.86981	-1.96087
1.81718	-1.80046
1.31839	-1.4414
1.16823	-1.34655
1.01884	-1.18705
0.816682	-0.989514
0.313922	-0.325517
0.459575	-0.48702
0.874962	-0.775354
0.82371	-0.672903
1.65754	-1.43638
1.91098	-1.54796
1.97406	-1.47536
1.75513	-1.06727
1.41318	-0.679391
1.51587	-0.747598
2.37808	-1.69767
2.01091	-1.18235
2.14531	-1.23397
2.5004	-1.96223
2.9509	-2.39803
3.46468	-3.51486
2.56625	-2.60793
2.55857	-2.52277
1.23466	-1.00959
1.20478	-0.726305
0.724866	-0.149276
0.700149	-0.0161585
0.625729	0.0264929
0.615549	0.291059
1.05238	-0.141314
1.46642	-1.02638
1.43895	-0.761383
1.53872	-1.13224
1.59528	-1.18758
1.5611	-1.38498
1.75041	-1.35272
1.45641	-1.17622
1.26907	-0.869565
1.09849	-0.790608
1.15784	-0.872363
1.10669	-0.784083
1.09528	-0.795167
1.02059	-0.671999
0.994273	-0.762903
0.916723	-0.505126
0.863038	-0.463466
0.7429	-0.338926
0.563085	-0.21506
0.617328	-0.593666
0.679066	-0.369447
0.698735	-0.455189
0.497641	-0.331739
0.706051	-0.328111
0.366165	-0.209449
0.225683	-0.200619
0.221609	-0.179128
0.189435	-0.132475
0.338249	-0.137143
0.392011	-0.270105
0.626835	-0.5494
0.838596	-0.534034
0.351198	-0.319393
0.518626	-0.387833
0.804446	-0.49865
0.784094	-0.302651
0.448916	-0.213164
0.735507	-0.510277
0.497885	-0.397461
1.01021	-1.41706
0.985032	-1.51526
0.573758	-0.9332
0.660056	-0.829882
0.71539	-1.03729
0.908766	-1.46249
1.15105	-1.72453
1.41132	-1.88377
1.49571	-2.09297
1.32915	-1.94721
1.26919	-1.91267
1.08888	-1.7328
1.12796	-1.81013
1.22091	-1.88987
1.48328	-1.944
1.30329	-1.47132
1.01138	-0.946267
0.548382	-0.380296
0.353232	-0.278636
0.276132	-0.28372
0.286039	-0.292411
0.196918	-0.236151
0.293687	-0.34349
0.46602	-0.484577
0.487986	-0.513146
0.579833	-0.553497
0.703105	-0.695414
0.78149	-0.791774
0.680414	-0.702345
0.859999	-0.829733
0.745345	-0.777732
0.936835	-0.971612
1.26669	-1.25291
0.813934	-0.62137
0.907895	-0.710128
0.788978	-0.534572
0.935561	-0.94387
1.04641	-0.632258
0.761455	-0.556805
0.0970297	-0.0102306
0.448743	0.252959
0.704846	0.0511038
0.522041	-0.779911
0.734112	-1.12734
0.955109	-1.33862
0.725134	-1.13111
0.598212	-0.903874
0.583163	-0.799959
0.221117	-0.415663
0.219578	-0.315395
0.265876	-0.453259
0.278601	-0.244499
0.0448082	-0.249905
0.0264253	-0.137251
0.213362	-0.18788
0.773842	-0.746285
0.694559	-0.493799
0.667908	-0.273985
0.514237	-0.122392
0.186123	0.16892
0.255783	0.275697
1.03737	-0.826344
0.972757	-0.755677
1.1996	-0.922214
0.888451	-0.390929
0.750626	-0.0998015
1.26768	-1.03446
0.357314	-0.610132
0.578015	-0.634546
0.84812	-0.988036
1.3717	-1.73767
1.37901	-1.89473
1.14485	-1.72262
1.12207	-1.78482
1.10229	-1.7309
1.06885	-1.65767
0.996493	-1.55529
1.12176	-1.76638
0.953501	-1.58269
0.812212	-1.14212
0.874993	-0.880272
0.627055	-0.783309
0.7745	-0.665876
0.110923	-0.314694
0.627272	-0.472676
0.691847	-0.267123
0.727353	-0.386711
0.953335	-0.501843
0.781604	-0.365976
0.774763	-0.2903
0.683868	-0.187183
0.677528	-0.297986
0.560602	-0.403305
1.17104	-0.908695
0.974565	-0.793692
1.39959	-1.20209
1.09312	-0.745544
0.62682	-0.0487155
0.86464	-0.416802
0.735725	-0.428781
0.890716	-0.474147
0.986304	-0.623735
0.971464	-0.666707
0.741887	-0.308387
0.82058	-0.309577
0.997461	-0.68841
0.659853	-0.497741
0.918759	-0.200274
1.26107	-0.50491
1.48419	-1.25467
2.45555	-2.2865
2.36242	-2.2409
2.31846	-2.15988
2.65968	-2.55714
2.17579	-1.82254
1.60895	-0.998292
1.69029	-1.53611
1.54148	-1.62525
1.45902	-1.5367
1.33676	-1.38295
1.10542	-1.09901
1.0082	-1.05162
0.878223	-0.971042
0.891931	-0.989883
0.778524	-0.954468
0.830024	-0.993949
0.720067	-0.893439
0.717313	-0.821831
0.895068	-0.932333
1.13442	-1.23133
1.2262	-1.24959
1.38757	-1.3313
0.789248	-1.12421
0.594099	-0.895593
0.577281	-0.674778
-0.0303695	-0.0606523
0.00743987	-0.24787
-0.120646	-0.116326
-0.0427811	-0.330162
-0.0390175	-0.259852
-0.282817	-0.255871
-0.113686	-0.50516
-0.185968	-0.612406
-0.137658	-0.69904
0.070863	-0.755523
0.727674	-0.884054
0.622262	-0.639024
0.988584	-0.887218
0.84125	-0.784772
1.25341	-0.86402
1.2781	-0.869033
0.682257	-0.510978
0.50345	-0.0301116
0.733011	-0.4849
0.553256	-0.44173
0.671387	-0.529997
0.676087	-0.466842
0.685549	-0.533259
0.722748	-0.485751
0.637259	-0.460102
0.632477	-0.296493
0.575844	-0.37013
0.723613	-0.538557
0.612461	-0.260821
0.732833	-0.472807
0.551216	-0.559133
0.484392	-0.543704
0.508714	-0.626711
0.711679	-0.703038
0.911664	-0.7659
0.533601	-0.649266
0.60229	-0.433917
0.732563	-0.631003
0.729786	-0.858779
0.804171	-0.788835
0.794612	-0.791909
0.913209	-0.858152
0.611707	-0.560472
0.538577	-0.366119
0.660432	-0.627408
0.679549	-0.746844
0.516498	-0.532133
0.515561	-0.526133
0.703298	-0.609793
0.834107	-0.180458
0.674006	-0.200095
0.573831	-0.420486
0.437741	-0.8264
0.86039	-1.06133
1.08299	-1.16777
1.17366	-1.1324
1.56426	-1.48154
1.82313	-1.59837
1.91244	-1.42587
2.07438	-1.47525
1.70812	-1.05756
1.87848	-1.31832
1.80459	-1.28034
1.48119	-1.02671
1.44281	-0.906399
1.26315	-0.693657
1.52095	-0.717354
1.30657	-0.537319
1.50803	-0.518952
1.07548	-0.0801435
0.617872	0.137057
0.376739	0.101129
0.921057	-0.530294
1.70107	-1.16601
1.63429	-1.06203
0.598278	-0.227504
0.389189	0.132751
0.111495	-0.248659
0.41861	-0.700691
0.902874	-0.750841
1.28681	-0.958818
1.06074	-0.855932
1.22124	-0.997377
1.33996	-1.09155
1.25052	-1.00872
1.17103	-0.948357
1.10062	-0.906787
1.08248	-0.927887
1.01978	-1.01972
1.27374	-1.56737
1.21797	-1.53284
1.1696	-1.49377
0.945784	-1.13495
0.909457	-0.974708
0.668874	-0.780754
0.619416	-0.885295
0.827573	-1.05756
1.1069	-1.2706
1.38302	-1.49702
1.92793	-2.02025
1.5339	-1.46422
1.7479	-1.85449
2.11633	-2.40839
1.96591	-2.20899
2.18713	-2.2634
2.86888	-3.31155
2.28846	-2.32672
2.12404	-2.52707
1.93277	-2.37888
1.19461	-1.46328
-0.041301	-0.219436
0.264865	-0.110567
0.382835	-0.0689676
0.518066	0.0752372
0.916915	0.402884
0.770008	0.310579
0.475861	-0.0895035
0.765149	-0.726172
1.02129	-1.05617
1.41316	-1.68257
1.14072	-1.34003
1.04029	-1.13236
0.988122	-1.06794
1.0032	-1.08676
1.05185	-1.17152
1.14234	-1.26916
1.44451	-1.59078
1.52251	-1.47194
1.51453	-1.21371
1.32468	-1.02586
1.54142	-1.29967
1.88715	-1.87156
1.52413	-1.44756
1.13738	-1.10617
1.08396	-1.16908
0.813499	-0.900674
0.609186	-0.521836
0.686677	-0.578281
0.437796	-0.250227
0.948459	-0.571802
1.2746	-1.08936
1.87333	-1.71723
2.87403	-2.95253
2.99406	-3.15122
3.24028	-3.5646
2.06999	-1.75575
1.74725	-1.51759
0.910711	-0.622729
0.572191	-0.306064
0.545662	-0.515478
0.188006	-0.280497
0.0887388	-0.267051
0.0956615	-0.271434
-0.0315539	-0.274235
0.0857276	-0.318554
1.10271	-0.902342
1.38441	-1.19921
1.50508	-1.21193
1.58636	-1.13987
1.81351	-1.26561
1.99436	-1.50773
2.24314	-1.78723
2.36555	-1.79342
1.91607	-1.26429
2.29761	-2.05423
2.21714	-1.82074
2.80417	-2.56772
3.71439	-4.04474
2.99588	-2.6767
3.25029	-3.01168
3.03462	-2.70723
2.89458	-2.39338
2.17564	-1.5338
2.03691	-1.28642
1.69211	-0.907608
1.74526	-1.31938
1.78261	-2.01078
1.61172	-1.83271
1.4762	-1.6741
1.61664	-1.89574
1.84485	-2.19381
0.665787	-0.556161
0.112965	-0.144406
-0.0379468	0.132786
0.197382	0.128979
0.349477	0.147623
0.464597	0.572316
0.43047	0.695553
0.258428	0.620119
0.694873	0.18367
0.63468	0.0515303
0.330699	0.234339
0.448045	0.0501136
0.511918	0.0773289
0.6752	0.662026
0.952424	0.31299
0.59107	0.388099
0.517574	-0.0100283
1.32811	-0.887417
1.71103	-1.19503
2.02299	-1.48049
1.32754	-0.811842
1.03489	-0.544367
0.852497	-0.548113
-0.0446107	-0.207875
0.0145523	-0.395665
0.255195	-0.349071
0.829395	-1.0472
1.2305	-1.62721
1.59342	-2.06794
1.49131	-1.89639
1.90254	-2.38001
1.708	-2.1664
2.1293	-2.68586
2.23512	-2.82096
2.40663	-2.7318
2.61177	-2.88941
3.02339	-3.4249
2.67309	-3.12341
2.41656	-2.72851
1.28583	-1.23541
0.815421	-0.432747
0.932769	0.366801
0.672001	0.153507
0.691276	0.0397634
0.870915	-0.0411491
0.865768	-0.324851
0.432963	0.106952
0.270473	0.0855369
0.146852	0.165345
0.292132	0.0919475
0.278354	0.0737607
0.370426	-0.0918446
0.639464	0.0375741
0.604349	-0.153895
1.9751	-0.946281
2.88463	-2.38758
3.04318	-2.90285
3.10819	-2.64948
3.50857	-3.15271
2.85427	-2.12256
2.78931	-2.07138
2.70991	-2.09545
2.7532	-1.89887
3.1691	-2.44168
2.93014	-2.25889
3.29161	-2.94173
3.33409	-3.2366
2.60145	-2.35024
2.40415	-1.99509
2.54712	-2.19856
2.63743	-2.25235
2.48798	-2.03561
2.44053	-2.09692
2.63071	-2.46735
2.42124	-2.15061
2.6567	-2.79229
1.7	-1.43487
1.25842	-0.986555
0.965281	-0.794764
1.06835	-0.74743
0.166264	0.122975
-0.237258	0.216523
-0.0169506	0.243226
0.279139	0.0563391
0.182493	0.225171
0.117795	0.210415
0.16282	0.40753
0.116108	0.243507
0.0220113	0.190749
0.0985848	0.348353
-0.0514672	0.424145
-0.038437	0.377867
0.0900879	0.151718
0.208116	0.385159
0.173735	0.537818
0.101745	0.419741
0.23908	0.305052
0.363967	0.42926
0.263272	0.378377
0.0497368	0.520581
-0.0868553	0.0533567
-0.057842	0.212771
0.090522	0.0954161
0.43478	0.270325
0.280257	0.0729699
0.200278	0.174648
0.350268	-0.0247468
0.110704	0.268759
0.0945271	0.176126
0.219412	-0.00969961
0.105838	0.219306
-0.0732256	0.266656
0.09457	0.0404513
-0.0344833	0.0414236
0.00290283	0.138673
0.0632124	0.112112
0.204846	-0.0820213
0.312779	-0.0924913
0.0948304	0.163318
0.242468	-0.109147
0.209846	-0.0522818
0.259715	0.0305466
0.494299	-0.419406
0.499852	-0.367817
0.344626	-0.375704
0.485423	-0.393563
0.23571	-0.203697
0.399801	-0.372422
0.703092	-0.341134
0.821156	-0.626547
0.65162	-0.418063
0.796654	-0.62416
0.407075	-0.397848
0.65953	-0.503498
0.77392	-0.577352
0.807491	-0.534618
0.583097	-0.35166
0.710959	-0.530045
0.655602	-0.426669
0.958359	-1.03424
0.668284	-0.781225
0.673797	-0.472586
0.80735	-0.610768
0.764399	-0.722918
0.561776	-0.616256
0.616521	-0.880171
0.743107	-1.05312
0.78499	-1.14594
1.08105	-1.25826
1.00574	-1.08009
0.952522	-0.890152
1.09841	-1.14174
1.37824	-1.54041
1.31296	-1.5956
1.14486	-1.44387
1.0419	-1.28121
1.13694	-1.4049
1.17517	-1.43522
1.38629	-1.55261
1.64844	-1.36418
1.77484	-1.16907
1.88958	-1.26007
2.29726	-1.80748
2.36013	-1.91981
2.39108	-1.94518
1.93786	-1.6228
1.67278	-1.93206
1.12676	-1.38813
1.22065	-1.5816
1.13293	-1.52835
1.2127	-1.6829
1.04779	-1.50463
0.995498	-1.44069
0.735254	-0.955493
0.552197	-0.921721
0.519244	-0.824432
0.497839	-0.769577
0.365508	-0.602223
0.182337	-0.354102
0.114566	-0.38028
0.151934	-0.53565
0.316034	-0.749668
0.264638	-0.65101
0.301231	-0.420964
0.0898059	-0.0510335
0.48538	-0.144325
0.123488	0.000115982
0.0998674	0.0528642
0.241365	0.0693842
0.510355	-0.111745
1.07657	-0.738006
1.76865	-1.71
2.14	-2.13071
1.87977	-1.62335
0.897128	-0.528421
1.16941	-0.680332
1.34669	-0.925711
1.47542	-1.30608
2.00325	-2.03891
1.72651	-1.66009
1.94352	-1.99924
1.89645	-1.93544
1.687	-1.68078
1.56696	-1.58496
1.43044	-1.4687
1.09679	-1.13177
0.875735	-0.891672
0.944257	-1.03164
1.26084	-1.51619
1.20608	-1.51919
0.890602	-1.18313
1.30627	-1.69033
1.17209	-1.43239
0.452951	-0.00549103
0.352101	-0.0620163
0.0146322	-0.10194
0.212409	-0.305941
0.394599	-0.464512
0.540523	-0.600576
1.13904	-1.21886
1.13514	-1.08824
0.309146	-0.278028
-0.0564993	-0.303717
0.486932	-0.124674
0.937774	0.452784
0.814709	0.520139
0.978913	0.730158
1.54597	1.24519
1.57992	1.13115
1.02861	0.284209
1.11282	0.297499
1.05688	0.258255
0.990468	0.0499903
0.801301	-0.881779
0.787914	-0.867452
0.838895	-0.881652
0.821662	-0.743549
0.6532	-0.574522
0.66339	-0.551967
0.659253	-0.472872
0.621615	-0.335599
0.613014	-0.269734
0.579813	-0.213575
0.604656	-0.233546
0.639941	-0.241543
0.70157	-0.256583
0.79442	-0.387039
0.808632	-0.411736
0.7295	-0.270758
0.685477	-0.108443
0.668616	0.0239761
0.624022	-0.0733265
0.682148	-0.436588
1.07036	-1.07478
0.968583	-1.15045
1.00686	-1.223
0.978659	-1.18904
0.901605	-1.18751
0.958103	-1.25245
0.744269	-1.03454
0.67038	-0.930077
0.836278	-1.09688
0.684103	-0.979721
0.634915	-0.978744
0.782558	-1.09963
1.00912	-1.31873
1.20528	-1.47437
1.40423	-1.62429
2.07932	-2.4096
2.58566	-3.10172
2.79774	-3.41139
2.41688	-2.70473
1.49775	-1.42966
0.365922	-0.348786
0.117605	-0.100935
0.418017	-0.0945855
0.874354	-0.262527
0.608111	-0.357449
-0.0396993	-0.221712
0.340976	-0.448063
1.28509	-1.47059
1.21165	-1.35408
1.15191	-1.31695
1.08828	-1.24844
1.24453	-1.40457
1.32823	-1.46182
0.908533	-0.784292
0.628376	-0.65218
0.359404	-0.601623
0.398893	-0.648186
0.725072	-0.921612
0.7479	-0.975892
0.554065	-0.884552
0.696382	-0.908793
0.762884	-0.971152
0.711205	-0.928803
0.5947	-0.77789
0.69355	-0.761981
0.650127	-0.641933
0.618856	-0.594051
0.857457	-0.732052
0.93483	-0.785802
0.965214	-0.904703
1.2009	-1.18787
1.48468	-1.47961
1.76819	-1.78849
2.4331	-2.64583
1.80871	-2.12039
1.50282	-1.92823
1.12778	-1.44475
0.236683	-0.507273
-0.228813	-0.054671
-0.0570661	0.133721
0.333793	0.0740741
0.525768	-0.00730825
0.742322	-0.161493
0.826118	-0.260123
1.09307	-0.474963
1.31289	-0.691194
1.43016	-0.770846
1.46399	-0.694563
1.33744	-0.440074
1.42159	-0.511421
1.46144	-0.551949
1.81879	-0.805195
2.14144	-1.30202
1.81937	-0.797098
2.07735	-1.30151
2.42359	-1.76461
1.98389	-1.1537
1.72753	-0.832551
2.1607	-1.29212
1.48895	-0.719879
1.04237	-0.229348
0.930659	-0.176386
1.31188	-0.969616
2.16879	-2.11351
2.01326	-2.0486
1.71242	-1.44042
2.04181	-1.7846
2.36323	-2.0192
2.21649	-1.68665
1.94761	-1.48724
2.46725	-1.95225
2.03345	-1.45163
1.94162	-1.33071
1.9165	-1.44871
2.00475	-1.56851
2.12523	-1.81764
2.00004	-1.56586
2.56604	-2.50698
2.31889	-2.04538
2.24294	-2.17596
2.79213	-2.37631
2.56204	-2.3441
0.789482	-0.594964
0.53065	-0.331134
0.711305	-0.0264674
0.618538	0.0338636
0.417598	-0.0800728
0.608847	0.0229478
0.448796	0.119685
0.717612	0.318131
0.467964	0.332966
0.590239	0.643462
0.930224	0.730536
0.790485	0.310572
0.565199	0.287298
0.636389	0.322498
0.769945	0.446823
0.745083	0.407648
0.515114	0.200539
0.685096	0.39752
0.653883	0.444757
0.65759	0.509159
0.343719	0.146185
0.541273	0.289667
0.358279	0.218842
0.307713	-0.0719325
0.355917	-0.257938
0.531134	-0.466556
0.42314	-0.393935
0.626964	-0.295562
0.570885	-0.148268
0.720944	-0.39834
0.716537	-0.361055
0.607337	-0.335421
0.270658	-0.205219
0.408778	-0.38384
0.357637	-0.313472
0.402856	-0.437661
0.314184	-0.370183
0.477924	-0.439658
0.397479	-0.273245
0.80674	-0.899764
0.503391	-0.709917
0.736255	-0.660426
0.488716	-0.243678
0.254142	-0.0780162
0.579022	0.0624329
0.594555	-0.453978
0.588015	-0.505455
0.813525	-0.596214
0.521012	-0.531751
0.594363	-0.356956
0.881244	-1.22306
1.02882	-1.41875
1.08829	-1.54
1.34467	-1.72852
1.21973	-1.57718
1.47667	-1.76573
2.12395	-2.1382
1.63104	-1.69022
1.15571	-1.05839
0.927891	-0.595888
0.679187	-0.221442
0.667647	-0.112841
0.659008	-0.152824
0.722325	-0.175956
0.828414	-0.315334
1.11587	-0.597653
1.44726	-1.15659
1.11487	-0.937418
0.776558	-0.340816
1.01671	-0.636132
0.768943	-0.330241
0.806926	-0.363218
0.936807	-0.61935
0.929194	-0.641587
0.992109	-0.485135
0.642272	-0.182121
0.99065	-0.746368
1.02997	-0.441322
1.3063	-0.971851
1.4712	-1.13036
1.68045	-1.28329
2.08908	-1.72919
2.07272	-1.9535
2.41108	-2.47578
3.30982	-3.80724
2.67066	-2.70866
2.18988	-1.8504
2.32691	-2.21176
2.0323	-1.88609
1.61501	-1.66997
0.961172	-0.844957
0.302541	-0.0529693
0.513524	0.177319
0.0123558	-0.0580488
0.365657	-0.296758
0.858123	-0.751049
1.30711	-1.1623
0.564404	-0.42078
-0.24041	0.116984
-0.152049	0.0562509
-0.0156975	0.291485
0.250031	0.451739
0.364298	0.0533671
0.240445	-0.0112491
0.49109	-0.253452
0.832213	-0.314637
0.678576	-8.46044e-05
0.630701	-0.147384
0.51702	-0.0875468
0.837058	-0.152035
1.19449	-0.566891
1.83838	-1.51014
2.57938	-2.66669
2.07652	-1.84765
1.93077	-1.56664
2.46669	-2.42493
2.28537	-2.14689
2.29289	-2.14108
2.28498	-2.11633
2.49811	-2.42408
2.26693	-2.10922
2.57945	-2.60028
2.08824	-1.91891
2.11274	-1.97997
1.59851	-1.2283
1.23752	-0.6542
1.38494	-0.737196
1.86547	-1.54072
1.61096	-1.13251
1.38165	-0.951116
1.10091	-0.653724
0.916149	-0.0419056
0.958691	-0.251902
1.39035	-0.833881
0.340549	-0.228279
-0.125065	-0.361097
-0.127676	-0.277071
-0.00434768	-0.291146
0.315491	-0.728402
1.08505	-1.55957
0.837448	-1.21869
0.97215	-1.3528
1.1569	-1.47828
1.25414	-1.56625
1.17946	-1.52467
1.02604	-1.39191
0.880918	-1.21632
0.684587	-0.860479
0.786969	-0.786491
0.456226	-0.492518
0.542051	-0.013009
0.793548	-0.171593
1.34061	-1.06764
0.938324	-0.587308
1.25115	-0.909533
2.2005	-1.88771
2.24189	-1.76785
2.76053	-2.46336
2.64865	-2.36636
2.87504	-2.48161
2.24803	-1.60692
1.89161	-1.58076
1.81882	-1.085
0.628929	-0.200212
1.37932	-0.779814
1.55169	-1.1097
1.49599	-1.15791
1.3323	-0.70809
0.996781	-0.352618
1.09927	-0.464058
0.959535	-0.50736
0.899696	-0.460046
1.00973	-0.547842
1.02087	-0.612893
0.548898	-0.388844
0.702463	-0.625895
0.957248	-0.905675
0.407987	-0.152427
0.674489	-0.877012
0.512515	-0.818628
0.364152	-0.86971
-0.0768082	-0.799787
-0.143678	-0.760519
0.0149325	-0.766568
0.109754	-0.686368
0.525787	-0.652183
1.00868	-1.15231
0.57502	-1.05983
0.54363	-0.615223
1.10455	-0.94258
1.0791	-0.519918
0.76682	-0.362453
0.976324	-0.428426
0.327277	0.0674219
0.37665	-0.0673775
0.482362	-0.125193
0.554636	-0.250075
0.38556	-0.177119
0.283525	-0.0257167
0.222374	0.0367261
0.41992	-0.111216
0.365616	-0.0938251
0.477292	-0.230361
0.430404	-0.364812
0.346556	-0.0907025
0.435999	-0.0899989
0.652843	-0.256905
0.459413	-0.241448
0.347193	-0.132957
0.386152	-0.277574
0.507426	-0.17931
0.465798	-0.136307
0.297212	0.0683963
0.627156	-0.339211
0.516444	-0.354704
0.384175	-0.310677
0.617571	-0.431485
0.577073	-0.35956
0.218974	-0.32099
0.259179	-0.517744
0.034372	-0.107571
-0.0298161	0.067646
0.342376	-0.30007
0.191093	-0.308598
0.217236	-0.125009
0.310281	-0.287329
0.395031	-0.424311
0.286587	-0.309797
0.344688	-0.403941
0.791777	-0.461495
0.906002	-0.502238
2.50444	-2.40122
2.65207	-2.6054
3.05973	-3.15574
3.19651	-3.51582
3.51358	-3.87289
4.28144	-5.20359
3.83921	-4.22615
3.35324	-3.9766
2.47505	-2.69162
2.10275	-1.97845
2.02806	-1.8671
2.05376	-1.93657
2.52228	-2.76851
2.47708	-2.69833
2.62328	-2.96834
2.44981	-2.6399
2.65805	-2.87037
2.16902	-2.15733
0.648279	-0.362439
0.370974	-0.324072
0.195378	-0.0599309
0.0783339	0.0106248
0.0476849	0.233682
0.468668	-0.170734
0.649614	-0.404098
0.402055	-0.419053
0.706055	-1.02397
1.00061	-1.29112
1.26232	-1.47261
1.62126	-1.92784
1.55671	-1.81521
1.41043	-1.54664
0.885567	-0.909805
0.62403	-0.524721
0.691924	-0.62833
0.803842	-0.673812
0.818883	-0.595304
0.842528	-0.518511
0.997036	-0.607611
0.971901	-0.716713
1.1297	-1.13554
1.21203	-1.23461
0.850494	-0.876209
1.00254	-1.02538
0.978664	-0.998866
0.961071	-0.929923
0.969115	-0.936395
1.32079	-1.31645
1.29132	-1.25133
1.1233	-1.15651
0.69492	-0.775067
0.562051	-0.615791
1.11955	-0.971605
1.09182	-1.00321
0.465954	-0.336777
-0.0595608	0.16944
0.0417552	0.312463
0.0290013	0.407439
0.155392	0.306507
0.692063	-0.178073
0.43797	-0.403829
0.315857	-0.276434
0.223526	-0.242384
0.739961	-0.590571
1.58556	-1.50874
1.23963	-0.77935
1.01121	-0.497477
0.887319	-0.338515
0.702547	-0.287464
0.99185	-0.937223
2.16312	-2.45563
3.42521	-4.15546
3.48638	-4.23643
3.00874	-3.42487
2.76542	-3.21138
1.77487	-2.09579
0.813492	-0.575921
0.491688	-0.525219
0.67383	-0.388758
1.04449	-0.48946
1.16469	-0.787234
1.31356	-1.12965
1.37787	-1.05911
1.00313	-0.781866
1.26955	-0.899914
0.921107	-0.446458
0.487239	-0.167705
0.88177	-0.573098
0.729224	-0.210102
1.09372	-0.810968
1.41673	-1.16312
1.57818	-1.35412
1.44623	-1.04191
1.64637	-1.13049
1.57754	-1.0655
1.76636	-1.2073
1.91738	-1.27708
2.36494	-1.76383
1.74671	-0.721196
1.37176	-0.703891
3.07341	-2.89418
3.08105	-2.70765
2.55001	-1.95328
2.97372	-2.73094
3.06092	-2.57635
2.17288	-2.06105
2.83959	-2.65865
3.22002	-3.49915
2.29065	-2.54478
1.87898	-2.10846
1.81082	-1.73143
1.55052	-1.47299
1.36824	-1.32014
1.44052	-1.18979
1.34616	-0.909481
0.984103	-0.61832
1.24561	-0.817911
1.36261	-1.06336
0.855764	-0.411804
0.599071	-0.189981
0.752695	-0.246867
0.882424	-0.584075
0.832696	-0.44026
0.793092	-0.380308
0.63627	-0.217326
0.477393	-0.501618
0.418959	-0.348584
0.0470801	0.0258742
0.15173	0.0414186
0.122401	0.251614
0.430412	-0.328565
0.63144	-0.337763
0.300483	0.0344687
0.711996	-0.326327
0.536337	-0.578139
0.712434	-0.56648
0.775602	-0.565082
0.598574	-0.314514
0.689697	-0.506329
0.639321	-0.437762
0.574543	-0.479972
0.718956	-0.548853
0.542795	-0.483852
0.421609	-0.440079
0.32935	-0.338889
0.707827	-0.718329
0.793482	-1.28209
1.03569	-1.74981
0.27473	-0.724061
0.447676	-0.572496
0.437503	-0.844498
0.621991	-0.946282
0.941496	-1.47446
0.666167	-1.34438
0.755982	-1.32429
0.959573	-1.43577
0.983817	-1.44643
1.13725	-1.50805
1.14936	-1.54396
1.31131	-1.83443
0.637179	-1.02462
0.51843	-0.557503
0.968219	-1.2085
0.787711	-1.25547
0.605663	-1.18793
0.427708	-1.11195
0.336723	-1.05081
0.401374	-1.08807
0.432973	-1.15577
0.383601	-1.11048
0.398086	-1.05576
0.384508	-1.03727
0.502498	-1.0835
0.750677	-0.987112
0.496505	-1.02826
0.479589	-0.915424
0.479183	-0.774018
0.427241	-0.570525
0.48034	-0.500584
0.687769	-0.578269
0.784515	-0.554086
0.798774	-0.401115
0.967112	-0.47537
1.02311	-0.409343
0.903377	-0.204548
0.825836	-0.467099
0.907722	-0.776704
0.855804	-0.751083
0.757017	-0.716023
0.831847	-0.804652
0.855457	-0.865289
0.861974	-0.882234
0.712481	-0.651281
0.729907	-0.356334
0.793392	-0.243903
0.866289	-0.254065
0.928515	-0.430084
0.909964	-0.700051
1.05064	-1.04792
1.25202	-1.28032
1.52695	-1.61497
1.53914	-1.59894
1.46951	-1.50158
1.54849	-1.55136
1.61659	-1.66089
1.68491	-1.75201
1.5046	-1.49676
0.90719	-0.736382
0.419539	-0.343779
-0.167366	-0.160876
-0.482337	0.218656
-0.367703	0.578191
0.105789	0.292238
0.353052	0.011223
0.544942	-0.17902
0.491058	-0.117792
0.273157	0.00112594
0.300974	-0.33327
0.276859	-0.394928
0.161173	-0.552657
0.0867402	-0.54747
0.198007	-0.575212
0.317275	-0.626912
0.148283	-0.514271
0.142558	-0.421267
0.366576	-0.551355
0.453574	-0.573708
0.531071	-0.494644
0.635066	-0.589269
0.553534	-0.426532
0.557986	-0.443938
0.772026	-0.680242
1.12002	-0.957365
1.17368	-1.11647
0.0596519	-0.31523
-0.273631	-0.384277
-0.150574	-0.298386
-0.26516	-0.300966
0.102536	-0.386458
0.871045	-0.984984
1.53521	-1.51986
1.81052	-1.89977
2.28019	-2.19245
1.71715	-1.65038
1.33496	-1.37067
1.27195	-1.36808
1.34106	-1.47174
1.46171	-1.47142
1.31065	-1.38471
1.11852	-1.2853
1.34313	-1.32873
1.00034	-0.834994
0.576792	-0.59621
0.906143	-0.835418
0.855182	-0.573277
0.901044	-0.575198
1.0071	-0.633855
0.823824	-0.443476
0.991262	-0.175583
0.917526	-0.495196
1.12746	-0.702328
0.600285	-0.569091
0.480479	-0.618869
0.788553	-0.708594
0.887044	-0.750231
0.689721	-0.812634
0.806495	-1.0838
1.40935	-1.60915
1.5805	-1.82851
1.81708	-1.8673
1.613	-1.45244
1.46963	-1.53871
1.22297	-1.47017
1.06362	-1.36484
1.08461	-1.43402
1.09054	-1.49288
1.54257	-1.78231
1.40566	-1.64317
1.52069	-1.91672
1.59117	-1.93318
1.73983	-2.12174
1.44013	-1.80495
1.15752	-1.35772
0.994172	-1.13378
0.848758	-0.852765
0.692096	-0.6955
0.549931	-0.511704
0.557147	-0.252331
0.307432	-0.19355
0.0612144	-0.0915647
0.22876	-0.325174
0.327532	-0.467458
0.417098	-0.425047
0.552516	-0.505095
0.327327	-0.351757
0.437104	-0.253878
0.522141	-0.566682
0.307332	-0.288768
0.215713	-0.220678
0.339968	-0.117791
0.803921	-0.743736
0.499704	-0.553902
0.382288	-0.322637
0.681359	-0.702484
0.400447	-0.241188
0.724804	-0.408963
0.523159	-0.502941
0.307271	-0.389362
0.513402	-0.602993
0.628934	-0.673056
0.705632	-0.536936
0.893316	-0.704732
0.829289	-0.496905
0.949523	-0.799405
0.854688	-0.494777
0.508381	-0.418341
0.593986	-0.408996
0.68444	-0.276112
0.672047	0.0392935
0.878109	-0.147527
0.20906	0.0723938
0.354546	0.141042
0.347037	0.102062
0.234444	-0.00924353
0.258838	-0.0983675
0.932687	-0.888077
0.317573	-0.435261
0.577832	-0.557887
1.13033	-1.02311
0.907663	-0.808573
0.914416	-0.861461
1.27363	-1.12398
1.08973	-1.01414
0.772457	-0.793692
0.76369	-0.744325
0.834557	-0.86385
1.02394	-0.9522
1.09938	-0.675065
1.14999	-0.654869
1.07935	-0.5413
1.08729	-0.607359
1.08655	-0.695178
1.18777	-0.894768
1.37625	-1.15987
1.66364	-1.55713
1.91667	-1.8879
2.49289	-2.6222
2.47078	-2.504
2.7365	-2.92235
1.88363	-1.76691
1.59827	-1.37403
1.18741	-0.729766
1.29243	-0.722009
1.27811	-0.750675
1.1561	-0.651548
1.16739	-0.697168
1.23709	-0.811738
1.25889	-0.846224
1.19627	-0.874409
1.07904	-0.826598
1.26743	-1.15734
1.3602	-1.35829
1.10072	-1.17298
0.925762	-1.02985
0.803227	-0.907687
0.656847	-0.799482
0.573327	-0.892883
0.677629	-1.15598
0.576965	-1.11571
0.586153	-1.17719
0.564335	-1.18729
0.605362	-1.24228
0.514699	-1.0684
0.620523	-1.12255
0.534309	-0.911779
0.492666	-0.855572
0.58282	-0.780313
0.771245	-0.791153
1.06013	-0.976395
1.21351	-1.17503
1.22381	-1.18359
1.09169	-0.87405
1.26533	-0.991527
1.22126	-0.921483
0.915221	-0.648054
0.709495	-0.25676
0.538488	-0.0918556
0.530212	-0.0392377
0.686166	-0.275815
0.585998	-0.0789473
0.743634	-0.35799
0.845665	-0.1031
0.784007	0.110242
0.841882	0.146755
0.634544	-0.192837
0.916094	-0.567686
0.849192	-0.524844
0.928506	-0.598962
0.933012	-0.634694
1.06271	-0.803344
1.27189	-1.09778
1.33114	-1.21773
1.34593	-1.27217
0.506175	-0.468962
1.03589	-0.852327
1.94131	-1.9041
2.08364	-2.0958
1.98018	-2.11708
1.84308	-2.03901
1.54063	-1.63436
1.50735	-1.59377
1.48448	-1.54897
1.5084	-1.62823
1.74221	-1.91839
1.91514	-2.16216
1.85488	-1.58107
2.0025	-1.5272
2.57027	-2.53685
2.83245	-2.90559
2.13833	-1.96545
0.808299	-0.327454
0.722165	0.0185418
1.94819	-1.10085
2.3245	-1.51109
1.83267	-0.77025
2.20879	-1.28401
2.39228	-1.5953
2.25912	-1.52711
2.20878	-1.64076
2.215	-1.76763
2.24162	-1.92966
2.3618	-2.10285
1.28979	-0.931284
0.664859	-0.0509101
0.538696	0.223381
0.729212	-0.0156811
0.980434	-0.304477
0.912749	0.000163182
0.720414	0.0727432
0.874175	0.0771215
1.27656	-0.727204
1.92595	-1.54063
1.59939	-1.38089
1.61298	-1.45041
1.267	-0.941638
1.202	-0.731588
1.31808	-0.932106
1.41746	-1.02338
1.47224	-1.07975
1.66095	-1.36247
1.63069	-1.29178
1.48538	-1.08008
1.38594	-0.97045
1.52841	-1.05943
1.33138	-0.635528
1.20943	-0.226632
1.19394	-0.0823593
1.20759	0.750023
1.15436	0.841756
1.17869	0.583893
1.16017	0.3816
1.23036	0.592255
1.09118	0.554009
0.937023	0.342485
1.252	0.667753
1.21055	0.664551
0.940458	0.284439
0.466753	-0.258369
0.564418	-0.481429
0.64486	-0.670461
0.803612	-0.707722
2.06507	-2.23469
2.08518	-2.27953
2.09799	-2.28681
2.3259	-2.59938
2.37298	-2.70326
2.63323	-3.13367
2.4686	-2.76214
1.63124	-1.61284
1.32477	-1.32106
0.466013	-0.489082
0.224251	-0.41717
0.852901	-0.0430902
1.26684	0.73319
1.373	0.976316
1.1001	0.835359
0.87964	0.628101
0.581379	0.499225
0.398716	-0.102099
0.085583	-0.265118
-0.165167	-0.224654
0.229607	-0.231871
0.564505	0.118072
0.632722	0.236134
0.487575	0.199378
0.537717	-0.253521
1.71258	-1.37654
1.6956	-1.33091
1.93698	-1.70565
1.81619	-1.54039
1.87177	-1.42906
1.71221	-1.41624
1.74106	-0.952892
2.52125	-2.02747
2.18835	-1.48576
2.34919	-1.69506
2.26717	-1.8035
2.74211	-2.03545
2.57895	-1.80837
2.02284	-1.49895
1.51138	-1.13977
1.49401	-1.04838
1.51631	-0.96252
1.95338	-1.63378
1.81109	-1.764
1.42927	-1.2478
1.49547	-1.45479
0.971305	-0.892463
1.35164	-1.08241
1.59729	-1.55996
1.03765	-1.02083
1.02982	-1.10515
0.986495	-1.10074
1.88976	-2.05063
0.807044	-0.769315
0.97963	-1.07811
0.658442	-0.777265
0.466669	-0.525705
0.652545	-0.0407747
0.433456	0.203553
0.402666	0.278483
0.586947	-0.00195064
0.0241886	0.260948
0.232608	0.434921
0.0485475	0.312006
0.171268	0.351793
0.192096	0.394293
0.430032	0.42174
0.292285	0.472668
0.322209	0.331999
0.257462	0.295603
0.19941	0.424374
0.130375	0.237136
0.531728	0.361931
0.376106	0.212383
0.206389	0.177702
0.193779	0.100801
0.220175	0.138527
0.0860194	0.336705
0.254991	-0.0344379
0.0570861	0.14987
0.11109	-0.00595553
0.253157	-0.0244939
0.140637	-0.0529833
0.326234	-0.176601
0.12356	0.0798993
0.334283	-0.162847
0.551367	-0.318563
0.196941	-0.258265
0.326072	-0.181014
0.282549	-0.247041
0.374463	-0.274524
0.464292	-0.365527
0.86615	-0.70917
0.816672	-0.520745
0.625781	-0.348366
0.682006	-0.320385
0.406768	0.038611
0.395218	-0.128511
0.538414	-0.266451
0.489907	-0.325545
0.491495	-0.411521
0.463162	-0.416155
0.274147	-0.141393
0.651101	-0.28409
0.559336	-0.33952
0.500888	-0.465363
0.317328	-0.259473
0.490431	-0.410862
0.569981	-0.437113
0.481898	-0.201781
0.29001	-0.110874
0.196366	-0.109402
0.409375	-0.249807
0.242185	-0.0651356
0.223548	0.0643246
0.903214	-0.162385
0.536957	0.174421
0.253909	-0.116297
0.345386	-0.132563
0.134033	0.132818
0.278836	0.576577
0.808498	1.076
0.624128	0.220707
0.490174	-0.113224
0.557096	-0.429358
0.494556	-0.383138
0.365748	-0.139502
0.311849	-0.260436
0.36913	-0.278696
0.263202	-0.0647519
0.377131	-0.204586
0.336055	-0.19458
0.545539	-0.398378
0.384012	-0.192208
0.469889	-0.218372
0.33624	-0.242704
0.503666	-0.812325
0.487734	-0.792142
0.735371	-0.921201
0.668987	-0.824397
1.32162	-1.34924
1.05582	-1.21418
0.9774	-1.08392
0.962077	-1.11203
0.968521	-1.11302
1.26489	-1.31899
1.55633	-1.39556
1.3001	-0.79364
1.01938	-0.338062
0.970539	-0.164736
1.19422	-0.352363
1.50179	-0.806026
1.89342	-1.34584
1.64964	-1.24899
1.26364	-1.02745
1.52825	-1.37246
1.29746	-0.857191
1.37014	-0.861978
0.958587	-0.401632
1.34455	-0.763754
1.27749	-0.472548
1.11725	-0.477058
0.810538	-0.333287
1.08239	-0.785117
1.98589	-1.73674
2.11424	-1.98701
2.29199	-2.302
2.2251	-2.12555
2.64543	-2.69018
3.16832	-3.43731
3.45411	-3.79592
3.54554	-3.82784
2.44535	-2.43357
1.63174	-1.37214
1.22374	-0.642395
1.42494	-0.797274
1.97048	-1.45898
1.7613	-1.15144
1.70057	-0.984775
2.32026	-2.05033
2.44104	-2.01224
0.805323	-0.30589
0.826859	-0.28677
0.337762	0.0480205
0.819453	-0.105241
0.908304	-0.182937
0.784342	-0.0553882
0.930043	-0.102204
1.25906	-0.467835
1.2102	-0.454771
1.23935	-0.520186
1.41385	-0.700884
1.38883	-0.659298
1.44467	-0.685029
1.22571	-0.495889
1.37106	-0.641178
1.40279	-0.699203
1.45128	-0.824934
1.70787	-1.14821
2.0054	-1.4932
2.40889	-2.14216
2.84726	-3.10204
2.5753	-2.94793
2.04628	-2.37321
1.75376	-2.19731
1.65636	-2.15832
1.60045	-2.11992
1.65158	-2.21838
2.12905	-2.78024
1.77281	-2.37431
1.53796	-1.97085
1.12417	-0.995911
0.854368	-0.283069
1.09621	-0.664879
0.83615	-0.0972565
0.683769	-0.21403
1.12271	-0.554799
2.34287	-2.34042
2.50875	-2.47941
1.91048	-1.53621
2.05106	-1.66242
2.07228	-1.56918
2.47798	-2.21822
2.45161	-2.13353
2.27704	-1.95628
2.26986	-1.94999
2.28672	-2.01013
2.38056	-2.16172
2.02852	-1.58374
2.36498	-2.14501
2.10802	-1.75476
2.42668	-2.19351
2.27036	-1.8978
2.35527	-2.08707
1.78525	-1.29896
1.59457	-1.02326
1.59214	-1.01122
1.42914	-0.739304
1.53181	-0.673165
1.1803	-0.439713
1.17907	-0.585961
1.13957	-0.583109
1.15289	-0.655887
1.19685	-0.683413
1.1447	-0.60943
1.15174	-0.474136
1.3693	-0.690982
1.90197	-1.27994
2.01761	-1.4738
1.78676	-1.2496
1.65293	-1.17258
1.56214	-1.12407
1.74168	-1.46865
0.877579	-0.827049
0.323445	-0.224258
0.698394	0.173228
1.10863	0.624028
0.844916	0.249926
0.714295	0.195039
1.01706	0.578501
1.03812	0.59759
0.626135	0.0468576
0.508389	-0.0216435
0.536948	-0.418399
0.939633	-0.813403
0.886274	-0.573564
1.13042	-0.785273
0.956091	-0.647183
1.04611	-0.76599
1.40339	-1.17948
1.2556	-0.953537
1.11574	-0.760824
0.987024	-0.640173
1.02344	-0.666
0.999726	-0.651695
0.986236	-0.597423
0.998681	-0.573762
0.912219	-0.433734
0.755116	-0.302432
1.40123	-0.975023
1.18904	-0.862939
1.51701	-1.30655
1.15714	-0.812185
0.989237	-0.646481
0.926688	-0.292746
1.12749	-0.504733
0.838199	-0.43242
0.649463	-0.317488
0.577788	-0.236194
0.665509	-0.341393
0.81265	-0.47947
0.906059	-0.572526
1.04392	-0.726569
1.12157	-0.733106
1.34385	-1.10297
1.29372	-1.07568
1.27674	-1.14793
1.30783	-1.22648
1.31692	-1.21662
1.36218	-1.27592
1.2955	-1.18631
1.83214	-1.81929
1.38593	-1.22919
1.73071	-1.59983
1.60517	-1.23684
1.85439	-1.4536
1.32953	-0.828551
1.22839	-0.76959
1.05869	-0.554957
0.818809	-0.320271
0.900967	-0.287423
0.664429	-0.010337
1.59358	-0.780473
2.51278	-1.95247
2.39692	-1.75814
2.52051	-2.13132
2.64158	-2.22571
2.38525	-2.00371
2.29576	-1.83766
2.14438	-1.67827
2.30265	-1.94228
2.16258	-1.72476
1.80088	-1.23126
2.07417	-1.63719
1.917	-1.53936
1.83904	-1.35826
2.05544	-1.723
1.5466	-1.1706
1.56043	-1.17407
0.768198	0.460542
0.718614	0.516502
0.786897	0.267451
1.47514	-0.86442
1.439	-0.76462
2.26381	-1.72188
2.09429	-1.45749
2.26607	-1.57679
2.85342	-2.60168
2.3518	-1.89227
2.07676	-1.48913
2.06792	-1.72739
1.71855	-1.40074
2.17898	-2.14488
1.67588	-1.42865
0.889678	-0.738254
0.639099	-0.451191
0.395983	-0.611687
0.166658	-0.636128
0.197233	-0.517937
0.516825	-0.819884
-0.0602067	-0.579228
0.00101014	-0.643162
0.105015	-0.829613
0.337415	-0.698666
0.277812	-0.408843
0.495832	-0.706136
0.653103	-0.584401
0.485895	-0.242542
0.882824	-0.599978
1.06924	-0.276152
1.39034	-0.474176
2.11629	-1.80654
1.41494	-0.79112
1.62153	-0.86882
1.50066	-1.08407
1.41797	-1.0871
1.46268	-1.34877
1.20305	-0.981226
1.16833	-1.0037
1.12397	-0.865292
1.4447	-1.05038
0.796263	-0.430045
0.977227	-0.712907
1.07608	-0.676678
1.14735	-0.523426
1.13832	-0.513195
0.922789	-0.445343
0.867577	-0.501947
0.852436	-0.513354
0.789606	-0.309321
1.04897	-0.624129
0.949609	-0.627664
0.702447	-0.418576
0.491255	-0.151962
0.700553	-0.463094
0.704573	-0.348927
