-0.395698	0.00531732
0.0429135	0.0360468
-0.0435999	-0.0951895
0.637671	-0.297185
0.192783	0.273047
0.282647	-0.0951779
2.37227	0.696803
0.200377	0.00487595
0.0457307	0.279474
-0.091465	2.35576
-0.0797561	0.203117
0.0434111	0.043318
0.108503	0.123637
0.373382	-0.247013
-0.372414	0.298502
0.267872	-0.023592
1.72955	-0.230703
-0.398356	-0.317754
-0.129509	0.195069
5.11288	1.25377
-0.124781	-0.276142
-0.0989031	-0.0236844
-0.117146	4.6962
0.922361	-0.06938
0.326971	-0.185045
-0.205502	-0.241216
-0.0739112	0.678231
0.148271	0.250703
0.151703	0.0114973
0.392248	-0.0939377
0.0376242	-0.0116002
0.0569196	0.0595232
5.38038	0.723366
-0.557892	-0.478366
-0.369137	-0.0349889
0.125394	6.90674
-0.343334	-0.395636
0.0627548	-0.33353
0.24695	-0.00564684
-1.21899	-0.0291833
-0.447348	-0.346814
0.112339	-0.0669734
1.80071	-0.829974
0.109784	0.231917
0.0553656	-0.15668
4.86146	1.65983
-0.0823437	0.229445
-0.116761	-0.0337946
-0.156717	4.55014
0.610489	-0.0368991
-0.106144	-0.00379492
-0.0165732	-0.140697
-0.16788	0.511533
0.256158	-0.105728
-0.0915637	0.00353477
0.757603	-0.285673
0.466413	-0.18926
0.0826695	0.254681
3.69429	0.878411
-0.0149505	0.132556
-0.104651	0.068545
0.15551	3.47993
0.226887	0.170955
0.126579	-0.243633
0.0783593	-0.172158
-0.449066	0.0271506
0.045402	0.0055322
0.1735	-0.0663456
0.20367	-0.485108
0.224387	0.0448591
0.210452	0.0879104
4.44084	1.25539
0.00169654	0.271143
-0.568981	0.191133
-0.0475755	6.19621
0.0801443	-0.00756292
-0.314593	-0.589783
-0.203574	0.0159495
-0.789227	-0.174223
-0.379801	-0.0421921
-0.133743	-0.0947859
2.07303	-0.48028
0.0502902	-0.580109
-0.358392	-0.155556
6.25305	1.93376
-0.207978	-0.147928
-0.24626	-0.224964
-0.00982001	6.55979
-0.70489	-0.041587
0.112179	-0.212532
0.1931	0.0839322
-0.658968	-0.662878
-0.329971	0.171562
0.0318492	0.249491
1.86713	-1.03368
-0.098418	-0.240426
-0.24717	-0.0600417
6.21675	1.71906
-0.0481029	-0.255502
-0.260614	-0.275768
-0.0859143	6.72037
-0.31048	-0.0711603
0.0444198	-0.515273
0.258879	-0.0188653
-0.951393	-0.108206
0.0900037	-0.0912601
-0.0881943	0.0414115
1.75812	-0.729216
-0.148961	0.399183
-0.118036	-0.118871
4.67663	1.69621
-0.274762	-0.162656
-0.325299	-0.103282
-0.0542767	4.96513
0.992778	-0.29741
0.200958	-0.0820581
-0.124551	0.141898
-0.730522	0.295389
-0.181793	0.0743751
0.0160598	-0.122906
1.78765	-0.284487
-0.33597	-0.351304
-0.345765	0.225309
4.97078	1.7478
-0.422071	-0.510491
-0.376625	-0.13213
0.0702546	5.45254
0.308679	-0.515393
0.0702593	-0.428891
-0.117517	-0.0226106
0.497729	0.195577
-0.162576	0.0323682
-0.242276	-0.0703674
1.60028	0.314753
-0.368375	0.068684
0.0813936	-0.0988106
4.53705	1.6586
0.0351639	-0.0688439
-0.471016	-0.0952681
-0.12473	5.18219
0.267799	0.402962
-0.151769	-0.348825
-0.058743	-0.0605516
-0.411073	0.612709
-0.117154	0.00385676
-0.219047	-0.00528926
0.492774	-0.523502
0.0943061	0.0136022
0.173383	-0.0625503
4.23061	0.516
0.16655	0.178739
-0.13832	0.165614
-0.0336678	4.13628
0.0153195	-0.0131726
-0.103606	-0.401454
-0.23384	-0.104654
-0.735767	0.267614
-0.230777	-0.0823211
0.0175348	0.0827181
1.93522	-0.66231
-0.719359	0.280132
-0.0176661	-0.163553
5.27404	2.06024
-0.595623	-0.654422
0.0144081	-0.283696
-0.310321	3.8594
0.361438	-0.0105151
0.00707653	-0.0863322
-0.0813568	-0.245203
0.238682	0.371192
-0.467971	0.207654
-0.0476535	0.00213058
2.14477	0.0771779
-0.560657	-0.0903903
0.0392628	-0.116631
4.76793	2.09939
-0.120876	-0.401797
-0.21214	-0.160572
-0.0393092	4.95751
0.00157826	-0.241607
0.314525	-0.129011
-0.111961	-0.14508
0.204754	0.32737
-0.293409	-0.0721578
0.150258	0.0374065
1.47883	0.19477
-0.493034	-0.296789
-0.257379	0.208077
3.66913	1.42932
-0.293978	-0.371336
-0.223299	-0.223114
-0.0170571	3.55668
0.784047	-0.181947
0.024743	-0.0146968
0.00563741	-0.00173859
-0.322563	0.338518
-0.0392184	-0.117939
-0.151363	0.0696727
1.04244	-0.208592
-0.0357322	-0.0677762
-0.0323169	-0.0832812
2.26662	1.09016
0.211844	-0.258324
-0.00753006	-0.0431887
-0.0409604	2.3809
0.0132264	0.00439858
0.0539218	0.284327
0.00356727	0.0214305
-0.00657672	0.118936
0.634744	-0.26968
0.160295	0.150235
0.0441336	-0.227035
2.3065	0.603699
0.262083	0.120507
-0.123662	0.372258
-0.0583651	2.51067
0.670459	0.110017
0.0180674	-0.116037
0.0262408	0.0399881
-0.169142	0.718567
0.162383	0.121831
-0.162232	-0.273278
0.337881	-0.446988
0.00499005	0.344269
0.108443	-0.178902
4.63148	1.3793
-0.146949	-0.110539
-0.0715359	0.00159779
-0.12063	4.77258
0.70491	-0.0886702
0.195694	-0.116821
-0.148859	-0.156566
-0.385364	0.84969
0.468037	0.106304
-0.198751	-0.162267
1.51133	-0.648154
-0.0345031	0.390196
-0.0330979	-0.152259
5.14377	1.44187
-0.261822	-0.0790121
-0.161187	-0.0528937
-0.0837452	6.05003
0.358158	-0.4597
0.123214	-0.145336
-0.184225	0.056865
-0.296233	0.274856
-0.348898	0.294701
0.0683866	-0.173166
1.60594	-0.311853
-0.143782	-0.293843
-0.404792	-0.0335385
6.51845	1.38027
-0.0789864	0.161536
-0.522599	-0.293833
0.0326861	6.32915
0.692718	0.354605
0.175072	-0.158092
-0.0694358	-0.0388826
-0.195161	0.652992
-0.26425	-0.0120521
-0.383801	0.0560759
0.922336	-0.629287
-0.0225442	-0.216917
0.16266	-0.147404
7.26552	1.0807
-0.248644	0.0625877
-0.473006	0.230589
-0.0177604	5.75553
0.0634918	0.139736
-0.146904	-0.246337
-0.0200846	0.0135967
-0.626278	-0.0096971
-0.190103	-0.289976
0.129035	-0.0814839
0.834304	-0.696765
-0.094439	0.108282
0.0510313	-0.246542
6.22843	0.785334
0.403168	-0.474481
-0.423517	-0.0123322
-0.125796	5.97024
0.80706	0.0289493
0.227899	-0.290822
-0.177968	-0.135982
-0.598784	0.867354
0.335492	0.279906
-0.0707946	-0.232967
1.46323	-0.701061
-0.457969	0.259837
-0.0438472	-0.0158598
4.5372	1.56436
0.429739	-0.514241
-0.312101	-0.0127367
-0.168441	3.38907
0.0821582	-0.213041
0.243826	-0.407228
-0.0616039	-0.00300461
-0.0261949	0.728699
-0.365002	0.272027
0.0207066	-0.346049
1.6679	-0.509893
-0.17652	0.387782
-0.10526	-0.0678824
4.86587	1.84724
-0.251878	-0.116935
-0.124004	-0.340642
-0.0487077	5.20565
0.287865	0.308573
0.473905	-0.305008
0.0820081	-0.146585
-0.514326	0.219549
-0.0627454	0.250178
-0.0424699	0.0842546
1.24105	-0.518004
0.0987958	-0.249277
0.081738	-0.0161749
7.32955	1.09448
0.0981281	0.0922315
-0.290557	0.0906193
-0.0649507	7.08516
0.395828	0.327245
-0.123267	-0.258522
-0.144143	-0.00983826
-0.5349	0.4674
-0.384406	-0.243775
-0.172989	-0.22889
1.36478	-0.666056
0.12484	-0.164327
0.105779	-0.0181382
6.94953	0.953557
0.0795301	0.0229562
-0.402671	0.198523
-0.0242875	6.96402
-0.0617873	0.00218803
-0.331188	-0.386735
0.00616446	-0.00930997
-0.607125	0.0250935
-0.429295	-0.338035
-0.0603231	-0.0578775
0.914358	-0.729544
-0.00884688	-0.650283
-0.0143824	-0.273457
4.84916	1.02825
0.51886	-0.0142581
-0.12843	0.205607
0.0799349	3.71844
0.556368	0.419642
-0.173201	-0.217744
-0.0300993	-0.111505
-0.0687671	0.122935
0.0704431	-0.274763
0.12432	-0.00145
-0.69232	0.18377
0.267169	-0.142722
0.0919458	-0.122281
5.45012	-0.332781
0.461843	0.549021
-0.440889	0.0867959
-0.202381	5.80091
0.409974	0.749125
0.0582046	-0.363307
-0.102835	-0.115637
-0.427774	0.427383
-0.218608	0.0773745
-0.261967	-0.0803223
1.11031	-0.416324
0.207721	-0.266007
-0.11372	-0.0620373
2.60962	0.684535
0.4976	0.215377
-0.0793377	0.0861529
0.00111165	2.42578
0.234564	0.437685
0.057517	0.0555909
-0.0503241	-0.0610619
-0.555882	0.171069
-0.199793	-0.0833953
-0.111087	-0.0640155
0.255817	-0.548458
0.0112972	0.0244201
0.0950963	0.00684015
4.43954	0.384261
-0.0275457	0.0826553
-0.393097	0.186115
-0.11447	3.98553
-0.22782	0.0135839
0.0212857	-0.168296
0.249015	-0.163954
-0.352603	-0.132664
-0.0664202	0.135932
-0.0456124	0.175493
1.03518	-0.503178
0.147159	-0.0273705
0.105371	-0.0181041
2.93278	0.815998
0.0171795	-0.0786957
0.0742676	0.018998
-0.0962367	0.102717
0.0804708	0.0488306
-0.1648	-0.0595336
0.821782	0.0742446
0.165889	0.13415
-0.178668	-0.153956
2.52708	0.673307
0.0691563	0.0899986
-0.0925412	0.0457641
0.0937473	2.47496
0.298981	0.141952
0.0167907	-0.148099
-0.0560144	-0.188474
-0.282926	0.0518522
0.0291779	-0.0391921
-0.114517	-0.0612363
0.65167	-0.155269
-0.150325	-0.0359903
-0.165339	-0.150301
5.84047	1.48699
-0.575292	-0.0277538
0.0138372	-0.28053
-0.0482195	6.1105
0.605332	-0.190966
0.413019	-0.274988
-0.157048	-0.177748
-0.693351	0.760639
0.210817	0.34133
-0.0353908	-0.203075
1.30238	-0.412476
-0.789522	0.0601545
0.19973	-0.0177833
3.73588	0.563303
0.144768	-0.104213
-0.298772	0.177514
-0.149459	6.21736
-0.578839	-0.191929
-0.199566	-0.508503
0.114955	-0.169566
-0.448724	-0.19995
-0.0652587	-0.235053
0.0279634	0.0051343
1.35156	-0.416193
-0.170596	0.0764971
-0.0753365	0.0155898
6.73562	1.18204
-0.0726176	-0.0704235
-0.427159	0.101154
0.0615864	7.17926
0.34951	-0.386862
-0.46939	-0.257277
-0.0642523	0.142396
-0.835012	0.26197
-0.37743	-0.439986
0.13044	-0.0520202
1.37445	-0.625673
-0.0165169	-0.188051
-0.268527	-0.100903
5.44302	1.28403
0.134114	0.133343
-0.245423	-0.0847185
-0.00648014	5.05287
0.277478	0.317088
0.353217	-0.271677
-0.195921	-0.0224643
-0.388063	0.495403
0.163297	0.266388
0.161232	-0.217135
0.979495	-0.430024
0.0558213	0.157619
-0.0485035	0.172454
3.34059	1.23046
0.242817	0.131134
-0.116239	-0.244727
-0.0963585	3.12794
0.257278	0.144378
0.121029	-0.162785
-0.128121	-0.116965
-0.291129	0.0960875
0.0632753	0.0453855
-0.0916173	0.106071
0.572464	-0.237784
0.0156419	-0.132978
0.0358904	-0.11999
5.88896	0.316275
0.225922	0.0722877
-0.282048	0.155097
0.0585552	6.43717
0.202859	0.0347762
-0.386558	-0.422608
-0.183475	-0.0466257
-0.240563	0.377923
-0.00219503	-0.130778
0.0288651	-0.131695
-0.369047	0.281069
0.468993	0.0845894
0.012478	-0.0024947
5.50831	0.470749
-0.262986	-0.0103387
-0.327349	-0.0262906
-0.0628972	4.0427
0.235066	-0.0380016
0.194692	0.14617
-0.0996026	-0.373207
-0.088168	0.364011
-0.44562	-0.00892776
0.0509485	-0.067222
1.87797	-0.111065
-0.351601	-0.75385
-0.251345	0.21999
6.10463	1.87317
-0.666384	-0.41022
-0.331428	-0.167075
-0.00323001	6.47613
0.224813	-0.752791
0.376099	-0.421954
-0.195001	-0.0220031
0.172522	0.183991
-0.537739	0.335538
-0.0363739	-0.144003
1.15239	0.319046
-0.150414	-0.212887
-0.0163786	-0.0179211
5.27836	1.10821
-0.587706	-0.099694
-0.140725	0.0790469
-0.233194	5.06146
0.675688	-0.618164
-0.0452359	-0.0822738
-0.320015	-0.163023
-0.148636	0.492548
0.0171491	-0.0399776
-0.120249	-0.0472208
1.94567	-0.591049
-0.350141	0.165049
-0.139425	-0.153189
6.55238	1.3288
-0.131654	0.144452
-0.617041	-0.0406197
0.10358	6.71921
0.17869	0.0842393
-0.197272	-0.407763
-0.00646698	-0.211229
-0.412266	0.268315
-0.0104684	-0.129015
-0.355224	-0.22998
1.30813	-0.568889
-0.0835115	0.0441461
0.350104	-0.367658
4.87925	1.48273
0.513663	-0.290677
-0.0721587	0.244996
-0.28284	5.66313
0.33749	0.320942
-0.351785	0.117734
-0.0663873	-0.0695897
0.166663	0.516593
-0.298185	0.00524504
-0.288087	-0.0698044
-0.963463	0.141787
0.274788	-0.0282157
0.139652	-0.204158
4.99067	-0.524548
0.160645	0.137008
-0.216064	0.0301347
0.0782671	5.1562
0.795078	0.0364752
-0.0644414	-0.103894
-0.0687676	0.182648
0.0131393	0.693961
-0.278579	0.134154
0.00471548	-0.145841
1.19574	-0.148882
0.0384548	-0.314001
-0.0238237	0.0643802
3.89564	0.983046
0.200656	0.275015
-0.345223	-0.165398
-0.0806157	3.12482
0.0393872	-0.036984
0.17463	-0.219476
0.0381213	0.0410304
-0.245741	-0.0451834
-0.00720606	0.295072
-0.0280145	0.0544356
1.02706	-0.266327
0.0218939	-0.0788069
-0.0653777	-0.190743
2.68103	1.03258
0.218617	0.0130892
-0.0268621	0.111613
-0.091914	2.34356
0.0153637	0.0848582
-0.0408397	-0.0204518
0.131854	0.0213424
-0.0283427	0.03544
-0.265922	0.231211
-0.0334614	0.0563534
0.721346	-0.405088
0.270925	-0.170056
0.0962877	0.0443059
2.21845	0.841011
-0.0541379	-0.0100998
-0.0988586	-0.00155304
0.0280098	0.0631697
0.720794	-0.239944
-0.100402	0.0407755
-0.122159	-0.153072
2.40119	0.926696
0.124902	-0.00781962
-0.000488922	-0.0772838
0.119199	2.55559
0.0683899	0.0409225
-0.00757449	-0.246369
-0.097476	0.0532301
-0.0499662	0.233101
0.060607	0.0332441
-0.29167	-0.162213
1.44108	-0.0542429
0.306501	-0.110413
0.0576716	-0.0097582
4.37033	0.735025
0.0216216	0.634104
0.134723	-0.105332
-0.0939595	6.30753
0.491277	0.0645201
-0.240007	-0.422298
-0.132705	-0.0259413
-0.794878	-0.147496
-0.480815	0.130369
0.00323957	-0.0162399
1.80374	-0.389507
-0.374979	-0.429116
-0.0662297	0.227524
5.09904	1.75014
-0.164663	-0.204428
-0.287671	-0.164189
0.0768351	4.40526
-0.318732	-0.122951
-0.0097547	-0.298385
-0.162942	0.0302422
-0.572407	-0.164969
-0.186009	0.0642756
-0.0797913	0.0196538
0.704516	-0.731188
0.035922	-0.191279
-0.0698331	-0.148369
5.41732	1.66096
-0.454234	-0.480123
-0.272514	-0.0117833
-0.0286766	6.68007
-0.447461	-0.46025
0.301654	-0.144132
0.194093	0.086114
-1.1437	-0.263849
-0.387461	-0.0734135
0.265899	0.0880935
1.25879	-1.09919
0.0854997	0.027965
-0.0169215	0.0748351
6.02925	1.18642
-0.0763755	-0.353623
-0.223398	0.032988
-0.146359	5.4584
0.774058	-0.0299745
-0.0197079	-0.315991
-0.105347	-0.14169
-0.280482	0.319332
0.0738248	-0.0798043
-0.0174419	0.254426
1.45652	-0.478822
0.16411	-0.013629
-0.116277	-0.0938585
3.16453	1.11279
-0.0760148	-0.00894308
-0.0424539	0.0562568
-0.0676297	4.33172
0.408037	0.227737
0.259097	-0.221203
0.106122	-0.22707
0.707535	0.379994
-0.359917	0.267082
-0.298201	0.107998
-0.33097	0.129404
0.00346479	-0.514123
0.0495126	-0.263377
7.18897	0.584083
-0.304969	0.158234
-0.327081	0.0319656
0.128852	6.08667
0.44197	-0.492045
0.132499	-0.444879
0.0181551	0.0929085
-0.496237	0.530648
-0.0651559	0.0181791
0.0253461	-0.242854
0.999513	-0.218512
-0.039064	0.27623
0.0316102	-0.12149
3.84728	1.08483
0.0874409	0.0816942
-0.223071	0.198403
0.115289	3.26056
0.1529	0.0615036
0.0719064	-0.244764
-0.0894553	0.0732458
-0.460169	0.166453
-0.0642292	0.064012
-0.311766	-0.0834668
0.554477	-0.146343
-0.411478	0.0646328
-0.266937	0.0158923
4.87936	1.43327
0.0894311	-0.2374
-0.280873	0.00912964
-0.183862	4.797
1.00666	0.0320063
0.320756	-0.365057
-0.224788	-0.129928
-0.098664	0.584328
-0.13885	0.12663
0.283104	-0.0536011
1.35503	0.371288
-0.176234	-0.382597
-0.0868081	-0.0511631
5.38158	1.34197
-0.322817	0.216061
-0.213987	0.0146925
-0.144855	2.93918
0.205588	-0.0989885
0.0859402	-0.124604
-0.0191534	-0.0804878
0.246577	0.102149
-0.0641188	0.00752023
-0.288609	-0.140099
1.31201	-0.0936607
-0.51375	-0.206821
0.0656228	-0.150555
5.27114	1.50596
-0.509664	-0.365567
-0.301899	-0.258524
0.0727002	4.25316
0.969391	-0.254082
0.127267	-0.422855
-0.172113	-0.0392686
0.243366	1.03966
-0.122545	-0.119279
-0.052199	0.0515258
1.39036	-0.251626
-0.294536	0.218716
0.107555	-0.177643
5.25954	1.17606
-0.206582	-0.228454
-0.263066	0.00698324
0.123989	5.10967
0.482721	-0.231123
-0.00612228	-0.415931
0.206066	-0.0860291
-0.144244	0.20451
0.214244	-0.23324
-0.133759	-0.0536307
1.31952	-0.405456
0.235345	-0.112878
0.16149	0.0253793
6.26885	1.11151
-0.079735	0.147957
-0.580231	-0.0162145
-0.0608779	3.70827
0.20867	0.273326
-0.326191	-0.321528
-0.087501	0.0496415
-0.924991	-0.563195
0.11045	-0.143301
0.127905	-0.126252
0.115374	0.307982
0.472929	0.186399
-0.100684	0.0560788
4.63917	-0.496842
0.0783782	0.458225
-0.539272	0.163688
-0.0926197	4.927
0.243093	0.403596
-0.0590732	-0.365356
-0.211331	0.00419242
-0.330049	0.550341
-0.222681	0.0365133
-0.305759	-0.180177
0.472512	-0.0776649
0.313735	-0.0747858
0.0868881	0.0439759
2.45063	0.791475
0.516748	0.297885
-0.170504	0.114753
-0.272996	0.135347
0.0249343	0.0448367
-0.117656	0.109869
0.679015	-0.176138
0.106941	0.129344
0.230533	-0.0869996
3.14062	1.3823
0.321464	0.0736514
0.143095	-0.0193132
-0.00192305	3.02035
0.259584	0.290589
0.210431	0.148123
-0.133183	-0.132098
0.0149995	0.243004
-0.465926	0.153126
-0.00738294	0.145276
1.24992	-0.918463
0.325223	-0.453927
-0.0836653	0.0457003
4.88944	0.831221
0.0514856	0.386277
0.0148926	-0.0110271
-0.07428	5.38648
-0.335424	0.184802
-0.141569	-0.170791
-0.185787	-0.21467
-0.50037	0.0613237
-0.156097	-0.0304254
-0.0789289	0.110965
0.732382	-0.541787
0.134651	-0.199748
0.0994904	0.0993841
4.27708	-0.0427954
-0.171047	0.037068
-0.346569	0.160807
0.0608637	4.91459
0.292503	0.153441
0.113481	-0.0505787
-0.0345287	-0.143467
-0.813595	0.437951
0.0292294	-0.0476795
-0.206208	-0.165133
1.69849	0.00489852
-0.17917	-0.28576
-0.245034	-0.0212704
4.57232	2.06047
-0.385646	-0.136852
0.0924113	-0.265203
0.0199325	6.07326
-0.445865	-0.435133
0.189904	-0.107698
0.0697523	0.310283
-0.879384	-0.609721
-0.372077	-0.201743
0.126897	0.147527
1.84386	-1.32668
0.00697293	-0.16977
-0.121362	0.0813075
6.3419	1.24919
0.525936	0.0945606
-0.363879	0.0236617
-0.0396904	6.07623
0.761077	0.351578
-0.0116849	-0.3349
-0.130506	-0.0979109
-0.771921	0.0563115
-0.166602	-0.152675
-0.0572075	0.144099
1.25268	-0.780634
0.01265	-0.253673
-0.136239	-0.0721089
3.0817	1.04498
0.232636	-0.0711227
-0.412905	-0.010183
0.157015	2.8934
0.0464549	0.120357
-0.299873	0.0241608
0.00526242	0.112034
-0.248888	0.337089
-0.0200016	-0.0244236
-0.0182577	-0.319562
1.48605	-0.121556
-0.060589	0.0434405
-0.123261	-0.151498
3.25359	1.42703
-0.445884	0.104822
-0.0804886	-0.156861
0.0483054	5.59435
-0.188682	-0.368194
0.146046	-0.277968
-0.237306	0.00727912
-0.35529	0.0536999
-0.312333	0.120082
-0.0217447	-0.0455988
2.17554	-0.731568
-0.787838	-0.245001
0.0649507	0.104161
3.75071	1.61604
-0.394143	-0.58067
-0.104736	-0.128289
-0.0731979	2.89934
0.0678461	-0.198072
0.13181	-0.369856
-0.0556563	-0.132176
0.213609	0.505317
-0.357316	0.0792662
-0.110824	-0.249881
1.70746	-0.510068
-0.233801	0.54533
-0.00500022	-0.254822
4.67708	1.298
-0.166504	-0.0498484
-0.16741	0.0320373
-0.108047	4.03509
0.470086	0.137032
0.147149	-0.0656693
-0.0592918	-0.16933
-0.653853	-0.292614
-0.19275	-0.21104
-0.0980641	0.0160519
1.44011	-0.537471
0.295065	-0.00198578
-0.187088	-0.148583
6.53695	1.79172
-0.22734	0.0696677
-0.0408342	-0.360444
0.113932	6.48736
-0.242938	-0.12266
-0.356334	-0.161154
0.217837	0.0467747
-1.30242	-0.0467948
-0.144304	-0.516977
-0.0256222	-0.0647934
1.08996	-1.09118
0.3339	-0.356058
0.0307	-0.231495
6.05499	0.0709827
0.178077	0.150981
-0.342522	-0.0833711
-0.139933	4.47238
0.671973	0.271288
-0.166049	-0.257204
0.155449	-0.00638791
-0.489751	0.476567
0.00988993	-0.104567
0.0847749	0.102397
1.02902	-0.432345
0.11003	0.0214805
-0.232549	-0.117071
-0.401397	-0.023078
-0.0268988	0.12195
-0.0513215	0.0160958
0.731494	-0.0663252
0.27063	-0.0838004
-0.008655	-0.0677101
2.73374	1.13661
0.20069	0.24624
-0.00154775	0.0732884
-0.308274	4.78361
0.605288	0.0326496
0.00726665	-0.00905302
0.0347493	-0.230307
-0.473844	0.823116
0.3349	0.12836
-0.139909	0.0587031
1.30431	-0.810758
0.184713	-0.00672167
-0.306814	0.0846831
7.03905	1.07752
-0.327927	0.220195
-0.281468	-0.0531858
-0.121109	5.92376
0.888664	-0.192035
0.0697375	-0.259165
-0.214035	-0.181728
-0.701167	0.864071
-0.00281913	0.233919
-0.33724	-0.100851
0.141952	0.0877099
0.00518347	-0.194682
-0.126528	-0.2976
7.23797	0.194719
-0.0130424	0.103207
-0.106904	0.214339
0.0738192	7.5535
-0.225999	-0.124913
-0.0952575	-0.405467
0.0863756	0.0695635
-0.518011	0.224116
0.0660824	-0.120713
0.0707486	-0.0388762
1.06916	-0.670558
0.299549	-0.148755
-0.140648	-0.0294958
6.66342	1.94856
-0.427146	0.0401021
-0.461373	0.0370917
-0.0460733	6.3614
0.199125	-0.387293
-0.154241	-0.144303
-0.05491	-0.176415
-0.731036	0.341504
-0.0861454	0.245082
0.0391152	0.0279839
1.5994	-0.86759
0.112095	-0.195312
-0.492603	0.103203
6.57896	1.56458
-0.031292	0.163504
-0.170633	0.0518089
0.0838529	6.20834
0.265296	0.062324
-0.171654	-0.0763478
0.0413448	0.134706
-0.691563	0.498817
-0.232679	-0.236331
-0.273206	-0.040897
2.05387	-0.119663
0.0754429	0.356109
0.131604	-0.255789
4.05817	1.76588
0.230585	0.227383
-0.00997241	0.176616
-0.0614718	3.68967
-0.0115127	0.368473
-0.0662466	-0.249035
0.015284	-0.0222207
-0.426374	0.0260349
-0.349579	-0.00873041
0.178218	0.171415
-1.58818	-0.459801
0.483864	-0.395501
0.109653	-0.168261
5.43883	-1.18377
-0.138132	0.223146
-0.380675	0.159611
0.0656532	5.25317
0.501348	0.0305835
0.111805	-0.104518
-0.0187054	-0.119451
-0.892564	0.372877
-0.148467	-0.00259526
0.0633638	-0.170404
0.411013	-0.976905
0.245685	-0.0394166
0.0509996	0.0542404
3.40944	0.805146
0.249247	0.249606
-0.320021	0.0719939
-0.0436618	2.91057
0.394105	-0.0113992
0.119667	-0.117386
0.040308	-0.138215
-0.282523	0.377289
-0.0241509	-0.156644
-0.149654	0.0939587
-0.176997	0.229739
-0.0902729	-0.0118759
0.0373137	0.0283097
1.01444	-0.066619
0.243809	-0.0143388
-0.0849124	-0.162488
2.90139	0.483762
0.188341	-0.0441
-0.171408	0.200008
-0.075337	3.84195
-0.23028	0.132319
0.0520308	-0.187857
-0.0223355	-0.0157807
-0.566694	-0.0908396
0.0320995	-0.0094968
-0.194093	-0.123156
0.265414	-0.492228
0.0682387	-0.0795524
0.0151497	-0.0209411
6.27757	1.90352
-0.144546	-0.420589
-0.218813	-0.0268041
-0.0334384	6.8617
-0.564026	-0.169869
0.215419	-0.0697823
-0.0371117	0.0806962
-0.374449	-0.104102
-0.529394	0.0174519
-0.0646456	-0.102005
2.08356	-0.764721
-0.239126	-0.216021
-0.0200383	-0.293301
6.46849	1.99964
-0.140555	0.189085
-0.248654	-0.13504
0.00252898	5.94826
0.0407908	-0.0799748
-0.136744	-0.517567
-0.0926622	0.0868929
-0.788958	-0.393185
-0.078898	0.0115981
0.00295515	0.00574464
1.48731	-0.640703
0.0264272	-0.302899
0.0604578	-0.161643
5.01163	0.44579
0.323348	0.0231804
-0.116018	-0.064825
-0.0901865	6.05843
0.752311	0.301464
-0.0808435	-0.0106441
0.11407	-0.0918697
0.0107361	0.614101
0.033153	-0.00404334
-0.438699	0.108738
0.190747	-0.0990947
0.078574	-0.275659
0.11798	-0.291919
7.12149	0.473774
-0.0285588	0.119793
-0.253571	-0.0175237
-0.158586	6.59573
0.416964	-0.0366399
0.227136	-0.240962
-0.133823	-0.155194
-0.582112	0.878803
0.0679783	0.135719
-0.0444368	-0.13707
0.441197	-0.150553
0.00861894	-0.171585
0.0429149	-0.0233978
4.30008	0.821778
0.0811012	-0.84292
-0.231564	-0.0490944
-0.195966	5.52886
0.00191172	-0.399691
-0.0923672	0.262142
0.0456985	-0.00697042
-0.942402	-0.104632
0.382058	-0.153763
0.0559007	-0.0553511
1.63629	-0.70542
-0.488871	0.0789075
0.0477208	-0.0263343
5.89201	1.78423
-0.134275	-0.82262
-0.0531056	0.0795873
0.0330116	5.93207
0.341104	-0.41168
-0.0266161	-0.0266367
0.0596103	-0.131579
-0.44528	0.41304
-0.205668	0.45764
-0.0735148	-0.147157
1.58447	-0.3651
0.100748	-0.382391
-0.378513	-0.0799548
6.38114	1.64216
-0.586927	-0.0614736
0.00358886	-0.346078
-0.267631	5.50076
0.28406	-0.581468
-0.303233	0.00513627
-0.214612	-0.120586
-0.625854	0.0236256
0.480686	0.0523272
-0.23726	0.0248329
-0.409542	0.356717
0.35448	0.0587632
-0.0335003	-0.241187
5.04767	1.51788
-0.307629	0.0796226
-0.625511	-0.0446044
-0.0140963	5.35538
-0.0950197	0.395172
0.00331544	-0.255759
0.0291716	-0.259848
-0.606552	0.146413
-0.194194	-0.303661
-0.154638	-0.126257
1.4212	-0.511474
0.33579	-0.147531
-0.558457	-0.114676
4.54723	1.8823
-0.437283	-0.0884807
-0.0782487	-0.469876
-0.262759	4.3636
0.299595	-0.178928
0.15389	-0.0540398
0.0206348	-0.273372
0.122243	0.593463
0.0323333	0.186389
-0.250733	-0.0286812
1.8497	0.0270799
0.428769	-0.0236717
-0.0381867	-0.367204
3.44938	1.29662
0.216176	0.486619
0.295978	0.0125431
-0.230226	2.98613
0.528145	0.416227
0.132177	0.214033
0.224445	-0.109861
-0.414489	0.331235
0.152354	-0.0126975
-0.248341	-0.161904
-0.0313325	0.170971
-0.130907	-0.0691262
1.00531	-0.122579
0.55533	-0.0477568
-0.0127752	-0.0994828
2.34096	1.06251
0.171011	0.200689
0.0175768	-0.0409358
0.0909009	3.56473
1.03145	-0.140245
0.117718	-0.149093
-0.0305893	-0.0603683
-0.738925	0.893401
0.288004	-0.175454
0.0479589	0.200728
1.66272	-0.413417
-0.208976	-0.181973
-0.200884	0.0221552
5.33199	2.0724
-0.353996	-0.170207
-0.381669	-0.377574
0.0964733	6.69367
0.297586	-0.161468
-0.483087	-0.284756
-0.170019	-0.0848027
-0.268269	0.0406529
-0.0842714	-0.0805722
-0.0611462	-0.0448973
-0.988164	-0.578727
-0.195617	-0.143361
0.0223164	0.0363899
3.41506	0.808351
-0.121239	0.132677
-0.371013	-0.127127
0.066917	3.12001
0.0772967	0.00292638
-0.0723095	-0.243029
0.0326454	-0.0878541
-0.706309	-0.432774
-0.413449	0.0340074
-0.141613	0.142733
1.44803	-0.666348
-0.0447035	0.0400528
0.217828	0.0110468
5.10458	0.0291447
-0.289786	0.23754
-0.214676	0.0996251
-0.0793408	5.35405
-0.5389	0.00924723
-0.193867	-0.330285
0.239294	-0.0410995
-0.364156	-0.425744
-0.101329	0.0295965
-0.0930904	0.0977615
0.800227	-0.198319
-0.100236	0.0127609
-0.052574	-0.058483
5.6803	0.229462
0.245096	-0.14013
-0.457638	0.00955962
-0.172288	6.61005
0.185823	0.136716
-0.190825	-0.549061
-0.102904	-0.0877181
-0.791226	0.249461
-0.334162	-0.225695
-0.060826	-0.175957
0.849811	-0.851079
0.0459033	-0.369947
0.00820784	-0.168621
6.68446	0.499272
0.143272	0.100158
-0.262567	-0.0240468
-0.227223	5.9921
0.343263	0.535752
-0.39336	-0.156355
-0.127293	-0.136222
-0.124721	-0.300658
-0.214422	-0.127609
-0.171939	-0.19001
-1.30215	-0.60783
0.200539	-0.075209
0.0646807	0.0339412
5.29032	-0.18413
-0.162593	0.487467
-0.21304	-0.389353
-0.00228487	4.45884
0.376332	-0.312995
-0.29535	0.182115
-0.211332	-0.0484653
-0.488778	0.124386
0.430163	0.145975
-0.0506572	-0.317825
1.73219	-0.480141
0.00664307	0.546441
-0.388362	0.0555707
2.85332	1.09457
0.0125793	0.108115
-0.222525	0.204298
0.061935	5.07626
0.256452	0.0883497
-0.013101	-0.00947674
-0.0589862	0.00269754
-0.497302	0.62279
-0.269935	0.0365311
-0.122597	-0.237119
1.21989	-0.491294
-0.0824732	0.161962
0.100146	0.189493
5.89866	1.22776
-0.297243	0.00623308
-0.480998	-0.111251
0.104682	6.55523
0.309255	-0.469062
0.304948	-0.0806756
-0.0669141	-0.301358
-0.555754	0.556947
0.085729	0.490469
0.0530919	-0.119365
1.3224	-0.389262
0.192204	0.00755045
-0.455033	0.00893893
4.74363	1.62926
0.0717064	0.313347
-0.0696891	-0.468138
-0.104941	4.86566
0.499303	0.0794041
0.446618	-0.000748514
-0.101546	-0.0308442
-0.367526	0.448564
-0.198113	-0.297376
-0.138227	-0.0756603
0.973084	-0.42522
0.523201	-0.0757411
-0.0310957	0.0335783
5.44667	-0.270303
0.242949	-0.0325967
-0.309508	-0.191346
0.0280217	4.82169
0.306898	-0.0255208
-0.0935909	0.0624342
-0.160001	-0.212672
-0.546034	0.69743
0.107843	-0.0374667
-0.0743389	-0.0150557
0.697719	-0.288149
0.19839	0.257988
0.00797938	-0.024629
4.45893	0.133408
0.0627295	0.203439
-0.00472637	-0.319203
0.0307751	4.71095
0.338341	0.00810257
-0.00974391	-0.158713
-0.115861	-0.0855272
-1.0565	0.482295
-0.179658	0.0537717
-0.175762	-0.169553
0.887566	-0.312261
0.093163	-0.359538
-0.370032	-0.154426
5.1697	1.54099
0.0731452	0.124606
-0.217396	-0.498601
-0.0815932	5.09767
0.207216	-0.163882
0.0179288	-0.5229
0.108409	-0.00314663
0.0480975	0.289818
0.394153	0.179504
0.0624254	-0.207508
1.51665	-0.0280722
-0.0892033	0.420637
0.0645033	0.0892942
3.31764	0.850587
0.31539	0.323644
-0.357433	0.0888511
0.0482308	4.07046
0.607411	-0.133819
-0.243946	-0.195041
0.12892	-0.03915
-0.464955	0.339271
0.203725	0.0476585
0.0573983	0.177899
-1.23786	-0.065566
0.43905	0.101769
0.0832693	-0.265605
4.61497	-1.01275
-0.691997	0.43691
0.24005	-0.161074
0.0386227	4.19373
0.274581	-0.580447
-0.126469	-0.402999
0.0434032	0.123272
-0.290513	0.222331
0.106228	-0.218409
-0.0586713	0.136846
0.619493	-0.194571
0.397017	0.0155123
-0.171043	-0.219563
2.37789	0.785304
0.0349948	0.331745
0.246957	0.0383446
-0.0834302	2.40525
0.127019	0.0630148
-0.00923359	-0.0547368
0.0616491	-0.0184489
-0.166019	0.20914
-0.0209319	-0.163802
-0.196406	0.202409
0.161268	0.0885373
-0.195473	0.111842
1.02611	-0.0771901
-0.0070219	-0.0617015
-0.0707542	-0.11006
2.57864	0.862899
0.0258973	0.293314
-0.0300441	-0.0195523
-0.13947	3.90438
0.688401	-0.112635
0.134622	-0.177023
0.0315281	-0.192828
-0.952959	0.37723
-0.0666893	-0.0496523
0.130098	-0.0245584
1.29095	-0.524977
-0.244128	-0.427308
-0.0798944	0.170131
6.10588	1.57507
-0.199604	-0.423819
-0.305819	-0.0747098
0.0115205	6.86223
0.172053	-0.57262
0.22262	-0.0650204
0.185535	0.143857
-1.08993	0.349302
0.0965857	0.0489137
-0.19666	0.0347742
1.6288	-0.931183
-0.232957	-0.0676595
0.049598	-0.168261
7.04422	1.85064
-0.0625345	-0.0177622
-0.290989	0.0172006
0.218311	6.34452
0.303595	0.0814143
0.370025	-0.178427
-0.315972	0.0516124
-0.57857	0.344083
-0.286664	-0.0180576
-0.114727	-0.0174505
1.13224	-0.461122
0.00812787	0.150332
0.270398	-0.0186417
5.98999	0.342021
0.153216	0.232272
-0.536306	0.0948328
-0.0912503	6.13807
-0.000281885	0.0469619
-0.186134	-0.563929
0.136176	-0.0866773
-0.565673	-0.0796304
0.152103	-0.348651
0.0542507	0.039649
1.9537	-0.532847
-0.198582	0.202334
0.209708	-0.184119
5.06034	1.88245
0.0099078	0.0819059
-0.0401018	0.256211
-0.192043	4.6963
0.657325	0.0860175
-0.340026	-0.254997
-0.174704	-0.244216
-0.0903878	0.155449
-0.153006	-0.406241
0.103257	0.170065
1.69085	-0.334754
0.0470898	-0.302067
0.0105184	0.209015
5.25868	2.16396
-0.0298388	0.33356
0.0622975	0.0648723
0.181996	4.40965
0.0319131	-0.279203
0.229254	0.190115
0.200191	-0.142633
-0.641904	0.178993
-0.0799692	-0.13189
-0.208705	0.203823
1.09332	-0.635607
0.00581919	-0.103629
0.0180078	-0.131708
3.07468	1.09831
-0.0731747	0.136716
0.243008	0.0139938
-0.176005	2.91864
-0.0319193	-0.0212907
-0.0142327	0.0203205
0.112949	-0.0333552
-0.242987	0.152164
0.0313832	-0.0177886
-0.0756432	-0.0858725
0.582662	-0.245472
0.156075	-0.158428
-0.0162507	-0.0504306
2.38995	0.255571
0.451915	-0.0882047
0.00981951	-0.0448467
-0.0796872	4.08935
0.652728	0.174634
0.274978	0.0638618
-0.0553364	-0.0655786
0.36363	0.344176
-0.608375	0.0958551
-0.394593	-0.0383327
0.118702	-0.17016
0.134758	-0.403594
0.0749309	-0.254056
6.37074	0.955769
-0.0488363	0.137949
-0.443042	0.00644884
-0.0777616	4.84596
0.739605	0.200272
0.391898	-0.296865
-0.114517	-0.106361
-0.101057	0.0307365
-0.439159	-0.0835445
-0.115044	-0.0490938
-1.30525	0.154395
0.125362	-0.0874586
-0.0299571	0.0481155
5.20055	-0.960266
-0.179191	0.416203
-0.36042	0.0813659
-0.0183993	5.62584
0.128381	-0.432941
0.295189	-0.0707266
-0.0165881	-0.221868
-0.139435	0.479881
-0.278773	0.166997
0.223604	0.0815525
1.69006	-0.553689
-0.438911	-0.448882
-0.418716	-0.0396918
5.89839	1.72842
-0.0166972	0.00381207
-0.0961245	-0.145803
-0.105957	5.71808
0.487919	0.388868
-0.146341	-0.00224907
-0.197894	-0.195257
-0.937733	0.680923
-0.339037	-0.186233
0.0607749	-0.0810126
1.42191	-1.0138
0.356038	-0.0569075
-0.354825	-0.0899372
6.36951	1.36848
-0.467223	0.0388493
-0.149289	-0.428097
0.000762641	6.49186
0.180863	-0.733289
0.186181	-0.00320725
-0.00436836	-0.24452
-0.301067	0.201001
-0.467632	0.458818
-0.0188785	-0.197048
1.79669	-0.456378
-0.277058	-0.156539
-0.13933	0.0564516
3.26191	1.48319
-0.241091	-0.373757
-0.279176	-0.156931
-0.0338374	5.24097
-0.539656	-0.406765
0.194259	-0.348073
0.107455	0.347067
-0.221116	-0.151413
0.0500034	0.0642378
-0.0304535	0.178441
0.973802	-0.319308
0.00430481	-0.0213382
-0.0608429	0.0364338
2.52476	1.12347
-0.142015	0.0970586
-0.50014	0.00777606
0.164426	6.96918
-0.575278	-0.527703
0.139374	-0.342011
0.130451	0.189262
-0.878319	-0.350921
-0.367061	0.0628561
-0.00328586	0.156576
1.77171	-0.725999
0.121297	-0.109715
0.0592873	0.0256047
4.82936	1.73189
-0.156384	0.282262
-0.141571	0.171004
0.032202	5.14065
-0.245886	-0.0964929
0.128642	-0.23813
0.0742118	0.0601548
-0.282228	-0.259789
-0.211584	-0.0995831
0.099863	0.0598739
0.752064	-0.294109
0.158498	-0.339104
0.0989756	-0.145562
5.3291	1.76326
-0.391401	-0.0287944
-0.536139	0.0311893
0.190322	5.93445
-0.321402	-0.489135
-0.363412	-0.456105
0.0143057	0.163341
-0.380693	-0.18954
0.29268	0.0483989
-0.0148153	-0.144702
1.64551	-0.269413
0.135853	0.134685
-0.0485466	-0.0367758
2.96364	1.31867
-0.608391	0.0999155
-0.212915	-0.283418
0.0385464	2.79685
0.152734	-0.380824
-0.284146	-0.17614
0.1973	0.0787097
0.170448	0.553849
-0.186684	-0.098512
0.0961365	0.0136727
1.21352	-0.0693743
-0.428673	-0.3152
-0.205092	-0.0222509
5.19715	1.38915
-0.165234	-0.0692143
0.0430763	-0.192026
-0.357959	4.68477
0.741798	0.118574
0.246253	-0.107764
-0.0865983	-0.367124
0.0605651	0.225727
-0.152615	-0.0281656
0.0253581	-0.0659179
1.6034	-0.438387
-0.193127	-0.309131
-0.0927546	0.208407
4.36685	2.30277
-0.489209	-0.0440574
-0.280936	0.288576
-0.224984	4.75177
-0.0544538	-0.0890252
0.17116	-0.316235
0.146039	0.0162544
-0.95665	-0.130069
0.479288	-0.133077
0.00297933	-0.0157685
-0.783987	-0.805758
0.562192	-0.00115614
-0.223435	0.0289602
5.60065	1.30357
-0.226376	0.263727
-0.566753	-0.0793407
0.117012	6.5087
0.191019	-0.318904
-0.266735	-0.62644
-0.118889	0.0845192
-0.119355	0.304061
0.226903	-0.00504311
-0.118098	-0.0568948
1.49767	-0.132115
-0.078169	0.265747
-0.000252941	-0.135404
5.4399	1.03597
-0.258583	-0.0726242
0.0567485	-0.122575
-0.208996	5.16165
0.798012	-0.509657
-0.133908	-0.123011
0.162459	-0.124575
-0.215459	0.942475
-0.352444	-0.145356
0.185074	0.0346856
1.48945	0.0396592
-0.429849	-0.156499
-0.124567	-0.00204991
2.6941	1.12133
-0.0384497	-0.365584
-0.153451	0.108137
-0.0322374	3.83341
-0.107411	-0.106795
0.339132	-0.401104
0.0458198	-0.133573
-0.283276	0.977637
-0.236809	-0.0341644
0.105046	-0.0301511
1.21844	-0.662987
-0.270297	0.141598
-0.0876713	0.0518184
4.03338	1.21089
0.510255	-0.0974813
-0.104593	0.103078
-0.125056	3.23585
-0.0316761	0.375503
0.0136873	-0.255265
-0.133693	-0.229772
-0.427927	-0.292561
-0.0951808	-0.0941417
-0.162895	-0.0792286
2.41065	-0.712117
-0.0250742	-0.113936
-0.248814	0.208304
5.61789	2.0551
0.113429	-0.212273
-0.546756	-0.105266
-0.0455987	5.0013
0.103866	0.351811
0.106886	-0.3034
0.202168	-0.00162814
-0.233166	-0.217327
0.121818	-0.134834
0.0368866	0.0624641
1.20772	-0.208965
0.134075	-0.12613
-0.0899772	-0.0296556
5.01082	-0.313932
-0.421824	0.360317
-0.42191	0.0208826
-0.0155601	4.38869
-0.241482	-0.363102
-0.00533402	-0.434095
0.160276	-0.0100939
-0.398425	-0.38022
-0.239695	0.109938
0.0474248	0.0680187
-0.412967	-0.45273
0.50019	-0.0413385
-0.113805	0.036363
3.73413	0.0393569
-0.237935	0.597947
-0.142872	-0.222475
0.145452	2.75465
0.132387	-0.152546
0.073969	-0.230213
-0.139499	0.00113911
-0.071025	0.45631
-0.243893	-0.247617
0.0620583	-0.00333866
-0.0026428	0.228231
0.623769	-0.490177
0.268129	-0.0129527
0.161042	0.0369431
2.64416	0.915289
0.16495	0.200301
-0.0214523	0.133552
-0.0129475	2.73534
0.151164	-0.0967551
-0.0752909	-0.104054
0.150587	0.010336
-0.266662	0.135805
0.0856479	-0.0163106
-0.238076	-0.0741607
0.447927	-0.503879
0.173436	0.0270134
-0.243055	-0.114939
3.24614	0.580058
0.392481	0.0375851
-0.069908	0.127305
-0.0142878	2.82919
-0.204002	0.295861
-0.0820708	-0.130411
0.246918	-0.0469368
-0.356328	-0.0417612
-0.21752	-0.0908825
-0.185045	-0.0889762
1.01682	-0.332511
0.0895696	-0.117112
-0.0900818	-0.292093
2.75345	0.73624
0.303817	0.226631
-0.0282055	0.0137409
0.0202159	3.12493
0.48687	-0.0190645
0.0732229	-0.105968
0.213813	0.0318515
-0.221139	0.00144708
-0.178966	0.0142044
-0.0177411	0.127766
0.512636	-0.113042
0.680714	0.0360244
0.0133455	-0.256494
6.10618	0.940967
0.199151	0.313445
-0.184824	0.125726
0.050015	7.30987
-0.152007	-0.0770057
0.00885254	-0.446614
-0.015738	0.0209111
-0.0668576	0.402882
-0.473215	-0.133794
0.140415	-0.117321
1.32022	-0.0173142
-0.162081	-0.394791
-0.172261	0.352609
6.25037	1.28141
-0.408836	-0.32594
-0.13021	0.0201843
-0.226571	5.32516
0.562603	0.026158
0.330548	0.0222624
-0.078408	-0.399789
-0.30558	0.613643
0.0760599	0.160363
-0.240341	0.0402543
0.636021	0.173822
-0.330725	-0.492664
-0.00764019	0.122219
6.59306	0.669733
-0.338174	-0.295736
-0.022814	-0.00757691
-0.163103	4.03891
0.378308	-0.0346486
-0.293251	-0.188575
0.0365228	-0.0506338
-0.484127	-0.196728
0.00785057	-0.173307
-0.162963	0.0471169
1.06927	0.171054
0.154492	-0.0754788
0.201515	-0.176241
5.88018	-0.160633
0.06839	0.497753
-0.187688	0.0887194
-0.029983	5.90732
0.590007	0.23609
-0.240999	-0.280919
-0.187211	0.0289443
-0.52921	0.688228
-0.134539	-0.433158
-0.172603	-0.331014
1.24586	-0.800491
0.242453	-0.260282
0.111249	-0.0181599
6.98977	1.01931
-0.282348	0.261716
-0.208417	-0.0110108
-0.229044	5.88245
0.809822	0.0601233
0.0561765	-0.0877557
0.0332042	-0.222418
-0.388831	0.729464
0.19852	0.0517631
-0.341106	0.152024
1.42006	-0.209498
0.348903	0.289226
0.0524214	-0.284972
3.44436	1.53768
0.188917	0.324887
-0.34167	-0.116045
-0.140959	3.29729
0.270851	0.0838371
-0.13914	0.00389469
-0.017693	-0.00428724
-0.454892	0.10571
-0.192384	0.00720198
-0.152362	-0.0131045
0.874025	-0.272685
0.296833	0.0173177
-0.160753	0.384105
-0.122859	-0.0647525
-0.101358	-0.149729
0.933648	-0.388629
-0.186241	-0.191433
0.0795847	0.144696
2.36349	0.822103
0.180037	0.169547
-0.0667358	-0.0286918
-0.0432435	2.83557
0.721339	0.153141
0.055512	-0.377086
0.13687	-0.000321289
0.106311	0.961212
-0.335373	0.10906
-0.0508952	0.0293871
1.74936	-0.310446
-0.449839	-0.0175218
0.078872	-0.214138
5.41849	1.48685
-0.0321785	-0.278933
-0.154935	-0.162027
0.0326894	6.52667
0.363096	-0.450317
-0.125486	-0.377936
-0.0717223	0.104222
-0.774163	0.195424
-0.472953	0.173964
-0.131893	-0.149543
0.763758	-0.755936
0.0593857	-0.48236
0.141551	-0.354027
6.62979	0.435257
0.384734	-0.190428
-0.277047	-0.207809
-0.295468	5.18842
0.64298	0.43902
0.378508	-0.330399
-0.165092	-0.26412
-0.473629	0.839208
-0.010109	0.372642
-0.11877	-0.0406652
1.38629	-0.360709
-0.260174	-0.126964
-0.274845	0.127283
4.97493	1.52698
-0.340528	-0.141248
0.028309	-0.181827
-0.356324	5.79427
0.422597	-0.37336
0.134183	-0.392335
-0.187327	-0.129239
-0.130939	0.017031
-0.00516523	-0.0567561
-0.120541	-0.102557
1.21132	-0.380472
0.0929599	-0.080938
0.113928	-0.0992553
6.48386	1.26557
0.340317	0.0404248
-0.419902	0.133504
-0.357801	6.18596
0.0893039	0.600992
-0.112736	-0.336306
-0.271247	-0.130989
-0.58169	0.518328
-0.492623	0.0675267
-0.19421	-0.261649
1.1261	-0.628468
0.431059	-0.655582
-0.15639	-0.0671632
6.26336	1.15446
0.53386	0.375008
-0.466475	-0.10874
-0.289105	5.90939
0.169411	0.441473
0.0908807	-0.573898
-0.119259	-0.226842
-0.591495	0.194515
-0.274565	-0.47897
-0.27953	-0.0521646
1.27583	-0.760336
0.189772	-0.257033
0.176389	-0.31996
6.03775	1.03518
0.192419	0.275574
-0.419631	0.201857
-0.0258369	5.80302
0.326004	0.214666
-0.19304	-0.293494
-0.102966	-0.0735478
-0.128721	0.0297174
-0.0475168	0.257629
-0.0486946	-0.036489
1.38734	-0.702713
-0.225455	0.0145667
-0.00270483	-0.0237279
6.09904	1.03195
-0.0549929	-0.25391
-0.079678	-0.084669
0.00911901	6.89303
0.114186	0.0910952
-0.162096	-0.307431
0.00146092	-0.00721579
-0.640167	0.336349
0.0920642	0.195831
0.0859205	-0.139515
1.14989	-0.152225
0.0592145	-0.131575
0.168515	-0.0768356
5.71316	1.00926
-0.0694814	0.106434
-0.543695	0.162107
0.0429362	7.01363
-0.189511	-0.120925
-0.0761231	-0.513134
-0.143167	0.116764
-0.452072	-0.166982
-0.243433	-0.0438827
0.140069	-0.202412
-0.413896	-1.17609
0.0956294	-0.028658
0.0403774	-0.187969
5.37912	-0.47162
-0.283937	0.201703
-0.0989059	0.0790709
-0.221494	5.88634
0.535075	-0.404855
-0.0187894	0.149207
-0.0151986	-0.220807
-0.359706	0.417592
0.127864	-0.0914759
0.0447408	0.0479481
1.95126	-0.402295
-0.170149	-0.341642
-0.316225	-0.230818
5.98217	2.12204
-0.163088	0.0424835
-0.583018	-0.136556
-0.0691478	5.10111
0.265804	-0.0561444
-0.0786165	-0.331368
-0.137313	0.0648832
-0.260914	0.510707
-0.339062	0.259701
-0.115935	-0.081412
1.40277	-0.262441
0.040428	-0.174998
-0.359464	-0.0603049
5.46153	1.88771
-0.471244	0.055671
-0.324381	-0.454707
0.0709259	5.29132
-0.134012	-0.581697
-0.137856	0.137659
-0.0990112	0.0319469
-0.846241	-0.112897
0.279415	-0.218515
0.0749449	-0.0128106
0.441347	-0.640106
0.659238	0.0108022
-0.037999	-0.259878
4.62336	0.534613
-0.235824	0.23813
-0.196381	-0.19201
-0.25336	3.7888
0.245071	-0.321419
0.0586235	0.0273519
-0.0230783	-0.170194
-0.61996	0.0658435
0.000265339	0.247527
-0.150172	-0.056677
1.05257	-0.394522
-0.0247976	0.0330633
0.0359397	0.151329
2.68762	0.793479
0.085226	0.103137
0.0700006	0.0290439
0.12683	2.49599
-0.36861	-0.0527291
-0.0206788	0.123113
-0.0162998	0.121755
0.519635	-0.135958
0.131363	0.127599
-0.0851569	-0.0158011
2.38328	0.728543
0.143626	-0.0388123
0.0334693	-0.0227989
0.0966607	2.62407
0.0106936	-0.0176361
0.0276411	-0.0304992
0.14682	0.0805939
-0.3476	0.730963
0.265153	0.00553249
-0.123797	0.0733362
1.15577	-0.35492
0.0756248	0.225389
-0.0163513	-0.259184
5.31816	1.16036
-0.174512	0.0103515
-0.13464	0.0218877
-0.0171186	5.50402
0.881315	-0.241904
0.08784	-0.224602
-0.0380803	0.133259
-0.368557	0.312499
-0.0980343	0.444877
-0.0872319	-0.290888
1.21125	-0.202643
-0.0652831	-0.0861017
-0.122879	-0.10509
5.94427	1.48992
-0.514238	-0.0525129
-0.20114	-0.217861
-0.109986	5.44326
0.598707	-0.499868
0.275197	-0.139782
-0.355567	-0.00532442
-0.0612307	0.263241
-0.169189	0.20649
-0.33636	-0.400165
0.414204	-0.0459318
-0.0147142	-0.32678
0.182995	-0.165934
6.208	0.789585
0.468119	0.0241739
-0.25153	0.0935271
-0.0316844	6.21266
0.315011	0.446224
-0.442288	-0.314121
-0.17939	-0.126687
-0.027785	0.0397055
0.0476928	-0.379754
-0.150368	-0.118461
0.710187	-0.60241
0.402225	-0.30249
-0.389105	-0.0538988
4.62406	1.05528
0.141218	0.128053
-0.276007	-0.00511441
-0.0263944	3.62381
-0.170183	-0.189386
-0.163643	-0.29051
-0.216348	-0.0325407
-0.240554	0.69083
-0.0193146	0.154917
-0.205861	-0.11618
0.9725	-0.687773
0.0341784	0.38131
0.0780974	-0.335405
4.60024	1.10147
0.0674751	-0.0627076
-0.23589	0.0587762
-0.157404	2.83691
0.214632	0.101289
-0.0823913	-0.106408
-0.0223375	0.0524338
-0.415406	-0.039102
0.000116089	-0.0540731
-0.246037	0.070028
1.25751	-0.250821
0.112087	0.134358
-0.0742677	-0.199227
3.2157	1.33878
0.180803	0.214855
-0.278529	-0.114272
0.015871	2.95668
0.0971275	-0.210802
-0.0877474	-0.21107
0.0669337	0.0508604
-0.109982	0.0351464
0.0177699	0.104224
0.0446543	-0.0415583
0.602317	-0.755688
0.200819	-0.208528
-0.0660697	-0.175633
6.66903	1.7453
-0.453534	-0.285429
-0.354965	0.0681859
0.161435	6.56628
0.121023	-0.121956
0.406036	-0.261981
-0.254708	-0.148231
-0.650875	0.303786
-0.0531607	0.50516
0.0987265	-0.237757
1.0214	-0.544068
-0.00944198	-0.261996
-0.240289	0.0881045
5.43699	1.15724
0.509511	-0.0838687
-0.0840246	-0.253727
-0.179066	5.54201
0.690072	0.0982473
0.0450796	0.0041864
0.0128354	-0.1244
0.487751	0.57157
-0.1457	0.11534
-0.319635	-0.0215178
0.712614	0.31006
-0.0995384	0.147895
0.183386	-0.17516
4.12936	0.902129
0.102106	0.121475
-0.0942392	0.328821
0.19433	3.59693
-0.0111646	0.0829814
-0.0159855	-0.233885
0.158706	0.0516077
-0.433397	0.243686
-0.208304	-0.0772296
-0.0617718	0.145255
0.870988	-0.430978
0.00108513	0.00752369
0.155573	0.00469136
2.79604	0.951852
-0.488528	0.179061
0.180485	0.135445
-0.174477	0.161852
0.821436	-0.356687
0.153614	0.0973079
-0.0272397	-0.182029
2.66369	0.92686
0.502829	0.231881
0.0335284	0.134727
-0.137766	2.62681
0.200877	0.432503
-0.00875818	-0.152435
0.144534	0.266141
0.0523155	0.382797
0.147731	-0.00730261
-0.0247371	0.254814
0.0816062	-0.792644
-0.0823098	0.00765134
0.154876	-0.169944
6.40666	0.951627
0.0864851	0.404784
-0.372028	-0.444379
-0.0388759	6.14317
-0.227056	-0.268464
0.206659	0.0441313
-0.180999	-0.174274
-0.0314252	0.194856
-0.633979	0.0739578
-0.0677329	-0.171581
1.807	-0.52289
0.345245	-0.595437
-0.072183	-0.0349167
6.25099	1.00205
-0.0674421	0.482295
-0.271541	0.0529444
0.125127	4.42331
-0.161914	-0.295333
-0.120143	-0.243683
-0.0883335	-0.0774598
-0.47071	0.0574607
-0.101788	0.1977
-0.0130434	-0.146511
1.59479	-0.560904
0.0996387	-0.286601
-0.520833	0.0606128
6.58321	0.987727
-0.118196	0.169098
-0.0618082	0.0715034
-0.160413	5.39283
0.371831	0.282888
0.00282787	-0.0507455
-0.235957	0.0355174
-0.708538	0.557998
-0.452894	0.0819492
-0.260713	-3.12618e-05
1.70487	-0.565317
-0.320043	-0.133527
-0.0928506	-0.330063
5.3147	2.05904
-0.150481	-0.491139
-0.0149661	0.0899244
-0.166455	4.47569
0.20842	0.387884
0.34339	-0.322399
-0.0356497	-0.150779
-0.869326	0.129769
0.188591	0.145039
0.0373345	0.241551
1.12641	-0.346901
0.195278	0.167198
-0.0693226	-0.326574
5.85756	0.951274
0.191728	0.144644
0.0757756	-0.22945
-0.34228	5.64398
0.269718	0.0325935
0.158965	-0.344122
-0.0835622	0.0996063
-0.878449	0.234793
-0.215147	-0.315601
0.146737	-0.205307
0.676797	-0.654089
0.100446	0.304019
-0.390338	0.0816487
4.87995	0.898828
-0.154226	0.166743
-0.167631	-0.250911
-0.0204854	5.15046
-0.131515	0.101433
0.293736	-0.421467
0.0045515	0.0631123
-0.436136	0.0116813
0.410407	0.154868
-0.0899317	-0.0873424
-0.312834	-0.0678212
0.319726	0.15395
-0.348526	-0.142756
6.36264	1.45003
-0.637155	-0.0103898
-0.575106	-0.177401
0.0366268	6.15727
-0.101182	-0.587606
0.0605514	-0.0721308
-0.316797	-0.0927448
-0.211269	0.110407
-0.586191	0.256499
0.00892473	0.0246685
2.3803	-0.57328
-0.442441	-0.210703
-0.169533	0.0232534
6.78986	1.77947
-0.346708	0.0197618
-0.411186	0.0115673
0.0947391	6.05715
0.496001	-0.0120642
0.257005	-0.388495
-0.078	-0.034092
0.08309	0.230904
-0.0870614	0.30002
0.0107429	-0.0892496
-0.844575	-0.29402
0.632748	-0.231089
-0.0112939	-0.102717
3.49544	0.937831
-0.37973	0.0681471
-0.271954	0.00322947
0.202486	5.92671
-0.641652	-0.108209
0.444742	-0.432629
-0.00630704	-0.0694521
-0.454081	-0.105675
-0.529805	0.179715
-0.153439	-0.120808
0.727405	-0.654858
0.237988	-0.29294
-0.114126	0.0314023
4.77669	0.928342
0.16775	-0.339425
-0.156758	0.220385
0.0233183	5.39466
0.660526	-0.0461148
0.257923	-0.0393047
-0.167311	0.0527011
-0.721608	0.276857
0.2535	0.156702
-0.0936719	0.00653273
1.2409	-0.605717
-0.0584637	0.322496
-0.0325076	0.0619687
4.8963	-0.107662
-0.270727	-0.0972282
-0.228727	-0.117155
-0.00355048	3.39944
-0.17337	0.162626
0.365075	-0.118351
-0.0601716	-0.052917
-0.650719	-0.0992636
-0.217101	-0.000284911
-0.103484	-0.13063
2.37869	-0.813763
-0.00933649	-0.254166
-0.26704	0.0738487
5.95161	2.27138
-0.530424	0.0692111
-0.0139621	-0.203458
-0.0528389	5.51172
-0.335888	-0.185207
-0.13181	-0.318837
0.0747068	-0.20758
-0.584468	-0.132148
-0.105774	-0.24368
0.215537	-0.0340946
2.08544	-0.60039
0.101373	-0.0933278
0.0505978	0.220882
5.36911	1.44613
-0.083488	0.275925
-0.435781	0.244674
0.0278437	4.61488
-0.366356	-0.154979
-0.0739297	-0.454586
0.168221	0.0287992
0.130044	-0.472351
-0.0635026	-0.3263
0.08122	-0.0161079
-0.628394	0.178057
-0.0709776	-0.0126495
-0.0460523	0.0234706
4.27019	-0.863934
0.230522	0.0270307
-0.479529	0.102832
0.0375398	4.26279
-0.501703	-0.171721
0.444822	-0.126417
0.0251437	0.069564
-0.323708	-0.219802
-0.224263	0.178638
-0.0449326	0.165054
0.60032	-0.0530117
0.231837	0.00255258
0.1502	-0.0347804
2.50042	0.484672
0.158334	0.271899
0.0342308	-0.020094
0.126609	2.51568
0.0554109	0.201105
0.069205	-0.22233
0.137342	0.051327
-0.261704	-0.00232361
-0.036066	-0.0551488
0.0144633	0.179341
0.571449	-0.167708
0.208779	0.0836368
-0.0166849	-0.0544904
-0.392335	-0.0460543
-0.00215584	-0.181873
0.0884061	0.0297192
0.788815	-0.24739
0.351935	-0.164537
0.143847	-0.0664215
2.80524	0.854523
0.329808	0.221747
-0.227482	0.0833431
-0.0636123	3.15717
0.125522	0.282858
0.00717611	-0.227745
-0.0997597	0.0050645
-0.382768	0.631162
-0.397626	0.0863674
-0.102926	0.154133
1.44257	-0.0606971
-0.380501	-0.0426649
0.179635	-0.393227
6.06695	1.10846
-0.000882227	0.00211402
0.012411	0.047926
-0.0395482	6.19917
0.446565	-0.0934827
0.0407863	-0.117697
0.093285	0.153166
-0.689221	-0.300692
-0.180585	0.0894725
-0.172607	0.0285825
1.43154	-0.665362
-0.120595	0.0960408
0.145087	-0.234427
6.00856	1.0929
-0.0141668	-0.137154
-0.194901	0.0963019
0.022774	6.21032
0.738259	-0.23169
0.0981819	-0.312344
-0.0520928	0.0876949
0.177224	0.634083
-0.0851436	0.169194
-0.192831	-0.138819
0.937004	-0.108408
0.179333	-0.0343585
-0.0839928	-0.34209
7.01261	0.800289
-0.403144	0.14305
-0.578736	-0.0961307
0.111047	6.95505
0.181488	-0.492824
-0.159312	-0.277582
-0.0489252	0.0301724
-0.680669	-0.134689
-0.0849498	-0.0471702
0.0675398	-0.0576033
1.6357	-0.856171
0.145308	-0.232388
0.0306768	0.0112248
6.11861	1.36203
0.667267	0.00856148
-0.0600203	0.067388
-0.246838	4.84995
0.74692	0.360635
0.319359	-0.191548
-0.132998	-0.193193
-0.329045	-0.171621
-0.229788	-0.232288
-0.280563	-0.142816
0.646513	-0.415553
0.486555	-0.0361667
0.152651	-0.142982
6.26379	0.618494
-0.0272099	0.567053
-0.32494	0.191515
-0.0781322	5.82777
-0.142973	-0.125356
-0.00378986	-0.186215
-0.185334	-0.0292602
-0.737392	0.327507
-0.22281	0.110442
-0.0639386	-0.0269555
0.636071	-0.730265
0.162161	-0.407572
-0.284921	-0.117195
6.97602	0.828978
0.0940995	0.110904
-0.598664	0.0435252
-0.196174	6.64971
-0.155518	0.0170298
-0.0684221	-0.516978
-0.0211199	-0.0407535
-0.274993	-0.146482
0.126571	-0.163445
-0.218037	0.0744837
1.20872	-0.292164
-0.17586	-0.391818
0.0152872	-0.0754699
6.17274	0.911945
-0.112179	-0.125957
-0.0542195	0.105504
0.0288686	6.02357
0.66004	-0.274554
-0.165189	-0.170414
0.243639	0.0961497
-0.250183	0.798418
-0.331138	-0.207281
-0.0373952	0.0456208
1.70001	-0.516877
-0.748284	-0.149537
0.100069	-0.11623
5.39372	1.42052
-0.26497	-0.102399
-0.44717	0.0378321
0.0846837	5.97092
0.359585	-0.0603045
0.218568	-0.211023
0.0938262	0.019452
-0.564814	0.441753
-0.345586	0.45861
0.0371957	-0.0767739
1.37191	-0.538227
0.167782	-0.444416
-0.452132	-0.0637943
6.59927	0.639283
0.187992	0.173421
-0.171997	-0.0183968
-0.327726	5.96561
0.662794	0.155631
0.0206318	-0.235939
-0.162157	-0.167876
-0.645109	0.481163
-0.462634	-0.0733669
0.141144	-0.145244
1.0707	-0.718258
0.259249	0.0151578
0.0994151	-0.161171
5.54714	1.86909
-0.0213532	0.0722486
-0.233471	-0.0334363
-0.0576902	5.54673
0.145545	-0.216721
0.229195	-0.418916
0.0228581	-0.0768632
-0.137392	-0.208513
0.170564	0.0312771
-0.168056	-0.0322192
1.73553	-0.211096
-0.550695	0.142201
-0.056389	-0.173336
5.93756	1.91618
-0.263766	-0.406174
-0.301147	-0.0415323
-0.0775243	5.93229
-0.10179	-0.513476
0.249856	-0.256309
0.0203302	-0.116013
0.12949	-0.148718
-0.527169	0.434196
0.0117748	-0.10258
2.11053	-0.206184
-0.683154	-0.121326
-0.102551	-0.0722442
5.55241	2.16296
-0.45314	-0.682708
-0.0734025	-0.254885
-0.0845361	5.1874
0.150897	-0.41543
-0.00352862	-0.0757777
-0.0278468	-0.171153
0.0910371	0.286597
-0.274336	0.074088
-0.0508449	0.0121581
2.32464	-0.271955
-0.0826737	0.215057
0.255404	-0.34736
4.91348	-0.285732
-0.422584	0.354079
-0.316658	-0.00221481
0.0234494	5.01912
0.0247202	-0.545657
-0.2437	-0.0425163
0.200904	-0.158029
-0.294893	0.203458
0.0315254	-0.0442958
0.162365	0.149119
-1.08135	-0.162274
0.471592	-0.0392799
-0.141747	0.0899627
4.89045	-0.766366
-0.491834	0.528167
-0.012034	-0.0355601
0.0722865	4.21224
0.341249	-0.475863
-0.0100887	0.0578747
-0.0645697	0.0100445
-0.372447	-0.0845815
0.132475	0.00493634
0.0400863	0.0183278
0.544964	-0.158845
0.248154	-0.151316
0.0534434	0.237723
2.74595	0.550883
-0.266009	0.10099
-0.0432242	-0.0569629
-0.331943	-0.163129
0.576936	-0.288868
0.291701	0.0811604
0.200415	-0.117348
2.44045	0.61883
0.253133	0.223696
-0.0410156	0.214602
0.123648	3.27714
0.832721	0.0381594
0.188416	0.0761839
-0.0712684	0.0860016
-0.747242	0.645321
0.0638057	-0.0804255
-0.270242	-0.079772
1.39349	-0.418445
-0.0307337	-0.234982
-0.132873	-0.171937
6.34619	1.35712
-0.453233	0.0228526
-0.430313	-0.0578986
0.0871754	4.23937
0.083183	-0.0277504
0.241133	-0.141449
-0.0057852	0.352099
-0.142581	0.126434
0.0252574	-0.0126935
-0.0386262	-0.0317269
0.938215	-0.586056
-0.0151205	-0.545176
-0.0341383	0.107704
6.24502	1.98882
-0.448744	-0.39475
0.250307	-0.351051
0.0440743	5.78762
0.230621	0.0126301
0.163289	-0.0744225
-0.0284504	0.0424526
-0.505808	0.476107
-0.0217972	-0.204057
-0.249609	0.0286515
0.236809	-0.0147129
0.418883	-0.0305629
-0.218784	-0.10804
5.87708	1.02442
-0.125553	0.249282
-0.153419	0.112232
0.0453355	4.78327
-0.239714	-0.0219525
0.0398233	-0.184901
-0.0292275	0.104605
-0.148951	-0.352269
-0.0252086	0.0640344
-0.167268	-0.0105621
0.80257	-0.899096
-0.109672	0.0207729
-0.033247	0.0259248
6.59683	1.6567
-0.677105	-0.358
-0.414419	0.0164582
0.132053	6.20647
-0.0123328	-0.605156
-0.152559	-0.532623
-0.133988	0.0802253
-0.50063	-0.167947
0.266735	-0.27826
-0.186938	-0.0397376
1.78411	-0.233133
-0.152669	0.0924602
0.122985	0.0754984
5.61639	0.555598
-0.324453	-0.158693
-0.2772	0.00504207
0.0025853	5.62141
0.629252	-0.783248
0.0691304	-0.0621421
-0.0899501	-0.0969128
-0.433719	0.719641
0.271483	0.252523
-0.380311	-0.0755952
1.01185	-0.489132
0.00126692	0.435012
0.107924	-0.382494
3.1287	1.15138
-0.0579019	-0.0153516
-0.192193	-0.113227
-0.0976307	5.55867
-0.126701	-0.393472
-0.319195	-0.537466
0.028807	0.289253
-0.410302	-0.0804803
-0.207035	-0.219551
-0.144166	-0.0689488
1.65823	-0.494134
0.0753226	-0.0700232
0.0374025	-0.210287
3.90232	1.50598
-0.0944913	0.113696
-0.299366	0.0511938
0.0867327	2.73285
-0.148364	-0.179538
-0.187114	-0.237563
0.0500642	0.143032
-0.0832071	0.17717
-0.369545	-0.244151
0.0590313	-0.0284714
0.950715	-0.275071
-0.235636	-0.260596
0.0168136	-0.458246
4.28035	0.264531
0.406983	-0.137321
-0.284285	0.093445
-0.0527738	3.78321
0.794411	0.187802
0.308054	-0.200237
-0.0766926	0.0968712
-0.482251	-0.00179706
-0.0830818	0.0524738
-0.235858	0.0814274
0.606648	-0.379451
0.0640687	-0.11908
-0.00759498	-0.200953
3.38234	0.448561
0.0600036	-0.124033
-0.1935	0.0446696
-0.0819818	3.05381
-0.00679529	-0.0339764
0.14598	0.0289674
0.178231	-0.106488
-0.281244	0.0355218
-0.154057	-0.0835409
-0.177871	0.131659
0.574634	-0.153822
0.0580029	0.0266376
0.0203879	-0.0518599
2.41535	0.869553
-0.199688	0.385506
-0.261776	0.206645
0.0841436	-0.230262
0.543498	-0.20678
0.107944	-0.104393
0.0633434	0.194245
2.32699	0.555072
0.0445134	0.145153
-0.154037	-0.0194427
-0.0252894	4.75248
-0.0719729	-0.441462
-0.27783	0.263433
0.0938673	0.113111
-1.02878	-0.524052
-0.0922314	-0.133693
-0.0751554	-0.368114
1.88118	-0.860148
-0.417549	-0.124293
-0.252587	0.0365628
6.24762	2.11437
-0.39738	-0.717135
-0.0497997	-0.081195
-0.160573	5.66332
0.24784	-0.399383
0.182639	-0.214562
-0.228111	-0.108932
0.0947784	-0.0300285
-0.300675	0.0429723
0.166031	0.029852
0.686973	-0.366467
-0.081739	0.205755
0.0762243	-0.32002
5.30562	1.36016
0.0588884	0.0823935
0.134008	-0.378806
-0.100572	6.78451
0.205044	-0.0427088
-0.358197	-0.370287
0.0514206	0.00342484
-0.653783	-0.0233404
-0.28859	0.432097
-0.116702	-0.242387
1.24722	-0.636996
-0.0567146	-0.0432029
-0.211248	-0.0652257
4.77916	1.37239
-0.203006	0.0190706
-0.340965	-0.347398
0.0676701	5.87948
0.386029	-0.821955
-0.190127	-0.413089
-0.0919965	0.0798402
0.248572	-0.068454
0.0405557	-0.0121394
-0.231183	-0.0825399
1.20169	-0.0382698
0.232449	0.036898
-0.0810502	0.013038
5.13451	0.779005
0.156187	-0.236172
-0.397701	-0.109087
-0.135452	6.72977
-0.0694046	-0.313037
0.107398	-0.344728
0.077856	-0.15897
-0.723177	0.134948
-0.216204	0.0363211
-0.102542	-0.238553
1.6616	0.0671167
-0.158762	-0.228021
-0.249954	-0.101133
4.94447	1.80098
-0.472569	0.288376
-0.19605	-0.200932
0.102825	3.0614
-0.121652	0.0264895
-0.141146	-0.344736
0.064723	0.045111
-0.350586	-0.000619832
0.176132	-0.411649
-0.0546917	-0.00142744
1.66714	-0.397711
-0.0490973	-0.0771214
0.0462137	-0.0251115
5.95283	2.02852
-0.568811	-0.110608
-0.362363	-0.0759162
0.0347761	4.91811
-0.0306597	-0.396619
0.0373766	-0.205098
-0.0452509	-0.0525569
-0.397378	-0.0811868
0.120134	0.0690306
-0.131108	0.076519
1.65192	-0.587101
-0.0716397	-0.0756285
-0.0686034	0.0387354
3.507	1.55156
-0.283014	-0.00294136
-0.20625	-0.0842629
-0.114187	3.00656
-0.0273831	-0.163073
-0.0769102	-0.101124
0.137319	0.0391044
-0.291113	-0.0231714
-0.134473	0.0501732
-0.154676	0.212409
0.671474	0.0483169
0.0323809	-0.228485
0.114983	-0.0748363
2.71966	0.828281
0.00240204	0.00248855
-0.0126436	-0.129098
0.0576133	2.48958
-0.35976	-0.0228067
0.145837	-0.00959619
-0.145348	-0.0429082
0.771403	-0.42307
0.196855	0.00835155
0.0306924	-0.10082
2.46974	1.02886
0.331843	-0.0224504
-0.428264	0.132042
-0.143113	2.57493
0.626033	0.269449
0.1978	-0.0476562
-0.268049	-0.143585
-0.354246	0.847869
0.258681	0.485767
0.121022	-0.246443
1.39183	-0.31249
-0.191216	0.189592
0.018355	-0.00605049
5.57996	0.844562
0.359043	0.129872
-0.10699	0.062906
0.0194749	6.45017
1.06297	0.169747
0.0917724	-0.191842
-0.199607	-0.0287198
-0.47436	1.11717
-0.322008	0.188734
0.0260995	-0.114266
0.391371	-0.423013
-0.191672	-0.192708
-0.0685268	-0.145863
7.43377	0.699807
-0.025635	-0.0784481
-0.431105	0.232609
0.0478993	7.56746
-0.27106	-0.213678
0.396628	-0.322031
-0.282528	0.00828754
-0.698224	0.383359
0.0360625	0.412242
-0.288212	-0.159781
1.00603	-0.351751
-0.262639	-0.601015
0.00881849	-0.0111459
7.12415	1.23505
-0.690091	-0.178272
-0.134746	0.16633
-0.0128837	6.5542
0.385474	-0.605374
0.0131567	-0.199184
-0.0349198	0.0197909
-0.820434	0.394031
0.0530739	-0.108894
-0.315229	-0.0847351
0.391633	0.219453
0.182991	0.0798047
0.0301885	-0.2934
4.63863	1.01577
-0.102628	0.0304831
-0.221965	0.0125629
-0.0765688	5.10916
0.344063	-0.501741
0.175781	-0.0767647
-0.348918	-0.110869
0.0905483	0.883883
-0.361814	0.119535
0.128817	-0.203076
1.33862	0.199687
-0.123213	-0.621514
-0.303641	0.00580922
6.62679	1.43156
-0.742829	0.00470395
-0.375132	-0.36177
0.0485181	6.02764
0.51315	-0.703461
0.017064	-0.242852
0.0450404	-0.131071
-0.422543	0.405203
0.299737	0.0135662
-0.30617	-0.00554564
1.85665	-0.324109
-0.0912994	0.150023
-0.242653	-0.049306
4.8612	1.67654
-0.0995518	-0.095803
0.0796061	-0.111054
-0.0833395	4.25623
0.526109	-0.034158
0.0351702	-0.105248
-0.112778	-0.0932902
-0.325747	-0.00513608
-0.11504	-0.0934226
-0.0978868	-0.0643906
1.23156	-0.370987
-0.163315	-0.44412
-0.154863	0.197392
4.70895	1.68169
-0.611376	-0.246632
-0.0508494	-0.17475
-0.170047	5.80391
0.494541	-0.214919
0.0781364	-0.358533
-0.182348	-0.0661012
-0.451699	0.782743
-0.0358726	0.171194
-0.406339	0.0190825
1.44797	-0.319126
-0.0269572	0.127086
-0.0469697	-0.173991
4.26364	1.16157
0.192486	0.114831
-0.0255625	0.0108042
0.0959312	3.68188
0.319367	0.171025
-0.042951	-0.0587305
0.181981	-0.189829
-0.219691	0.281647
-0.277513	0.0105821
-0.233357	0.175328
0.644598	-0.221701
0.0941886	-0.033674
0.23154	-0.259135
3.06335	0.720504
0.0803066	0.134332
0.0169301	-0.0473417
-0.0573211	3.11594
0.238486	0.0455594
0.183438	0.0600487
-0.0415922	0.0547075
-0.0765053	0.314784
0.0506959	-0.12203
-0.17425	-0.00497869
1.14016	-0.165454
-0.183781	-0.0395514
-0.00389616	-0.184102
2.67938	0.936095
-0.293763	-0.0893964
0.0758294	0.159799
0.120634	0.179939
0.667002	-0.0816206
0.256026	-0.0234465
-0.0153698	0.183869
3.27357	1.36572
0.183436	0.267444
-0.0999663	0.206987
-0.0384297	3.91586
0.297284	-0.0883535
0.42163	0.103259
-0.21164	-0.00136438
-0.41012	0.314854
-0.00463837	0.414785
0.0465655	-0.0493754
1.45339	-0.491524
0.0263264	-0.218919
-0.232406	-0.0579447
6.26871	1.25511
-0.286937	0.0361846
-0.382957	-0.171551
0.0273575	6.45248
-0.0534169	-0.0388204
0.00939769	-0.378893
-0.176663	0.136378
-0.585865	-0.132288
-0.0640237	-0.256156
-0.132327	0.141799
1.38427	-0.340933
-0.077925	0.188588
-0.0471905	-0.174426
6.57388	1.2228
-0.0810911	0.119428
-0.496019	0.110037
-0.00396076	6.5396
0.368343	0.234944
-0.258859	-0.316277
-0.190529	-0.0268951
-0.498333	0.909814
-0.132199	-0.136584
-0.324099	-0.0783147
0.536817	-0.412633
0.0790081	-0.231894
-0.0607105	-0.428761
6.79791	0.601272
0.227431	0.0960774
-0.268857	0.140503
0.0339694	6.8376
0.00705487	0.1243
-0.417518	-0.48963
-0.0443344	-0.131135
-0.58382	0.0257234
-0.0137751	-0.0324587
-0.0944223	0.0214501
0.276449	-0.698499
0.176751	-0.0248463
0.0915281	-0.152842
4.6072	0.22047
-0.0893223	0.114359
-0.488207	0.0746689
-0.0221808	6.76518
0.020773	0.078835
-0.384785	-0.603678
-0.145872	-0.00312482
-0.671955	0.166608
-0.0399696	-0.0527034
0.116365	-0.0601357
1.78601	-0.888452
0.110724	-0.0134515
-0.0181985	-0.210316
5.50076	1.27913
0.217342	-0.0434159
-0.177022	0.128924
-0.0423684	5.31193
0.0505971	-0.0990256
0.0529521	-0.325034
0.0259513	0.0112805
-0.690511	-0.0589278
-0.349875	0.258566
-0.10496	-0.066026
2.13208	-0.490525
0.246749	-0.583262
-0.0509238	-0.161513
6.44578	1.90148
-0.323606	0.193798
-0.153995	-0.22342
-0.121365	4.91113
0.0293547	-0.231306
-0.0656265	-0.197952
-0.0384154	-0.114781
-0.92606	-0.181244
-0.194347	0.0712773
-0.100591	-0.0763006
0.689959	-1.09538
0.294845	-0.375254
-0.49488	0.003331
7.03583	1.35232
-0.221001	0.128336
-0.534523	-0.156669
-0.0972255	6.39062
-0.112122	0.586719
-0.0202321	-0.335661
-0.0835011	0.0301387
-0.976286	-0.225719
-0.0837118	-0.152181
0.0462987	0.00420621
-0.212725	-1.24824
0.303519	0.240934
-0.228091	-0.0587966
5.37329	-0.556342
-0.201332	0.0962827
-0.485224	-0.185879
-0.00497991	5.25365
0.320703	-0.247854
-0.0367998	-0.127122
-0.145538	-0.0614589
-0.217632	0.212525
0.176089	-0.0536478
-0.271378	-0.00850744
1.84739	-0.685076
-0.50929	-0.109922
-0.146303	0.0199528
5.89147	1.61548
-0.428783	-0.357184
-0.132895	-0.312866
0.0705948	5.60273
0.168911	-0.661277
-0.0698466	0.0495458
0.122421	-0.250965
-0.554436	-0.213204
0.119769	0.00238572
-0.0032011	0.0292072
0.11743	-0.125665
0.189565	-0.0852275
-0.283482	-0.0621215
4.30613	0.670605
-0.160171	0.166261
-0.495031	-0.394106
-0.0602708	6.05191
-0.0158154	-0.468443
0.0389438	-0.0491101
-0.131241	-0.234868
0.10742	0.0323932
-0.0939735	-0.120845
-0.106955	-0.00536584
2.27089	-0.235343
-0.0180423	-0.258913
-0.18935	0.153378
5.67297	1.76594
-0.249497	-0.0839646
-0.27719	0.221423
-0.0605158	5.15345
0.291662	0.206433
-0.511991	-0.226191
-0.105178	-0.0905355
-0.112485	0.354253
0.0322679	-0.530159
-0.314567	-0.167542
1.27364	-0.148717
-0.0435593	-0.0574613
0.0257672	-0.0147738
4.44139	0.11647
-0.231246	-0.015308
-0.128708	-0.00274736
-0.12863	4.30768
-0.417806	0.199526
-0.235464	-0.206692
0.0742772	-0.178773
0.0199749	-0.39063
-0.0897596	-0.00380214
-0.115303	0.0648905
-0.707126	0.0480056
0.489378	-0.0773749
0.0358767	0.0531326
4.27397	-0.238201
-0.407763	0.545481
-0.20549	-0.166659
-0.0834543	3.60887
0.0822267	-0.405386
0.126975	-0.0836636
0.116937	0.0618321
0.0372124	-0.0282779
-0.356035	0.0346602
0.0819992	0.0715417
-0.112763	-0.000599921
0.544167	-0.286104
0.290364	0.0527089
-0.27219	-0.17099
2.33529	0.81296
0.00637762	0.206339
-0.132982	-0.019745
-0.0348015	2.39847
0.0802491	0.172274
0.0154382	-0.294784
0.120379	0.114985
-0.331733	-0.0615837
-0.0508508	0.027611
-0.187631	-0.20925
0.74284	-0.196213
0.262668	0.0968024
0.0324914	-0.228908
2.40325	0.648109
0.267922	0.0822859
-0.0384706	-0.040034
-0.0419737	3.98504
-0.394198	0.25446
-0.156112	0.0174044
0.0745143	-0.17755
-0.219354	-0.38554
0.0938414	-0.0106953
0.000121834	0.0987013
0.568963	-0.32932
0.133876	0.0610765
0.0838948	-0.0130285
2.11914	0.543851
0.0961395	0.0300563
-0.111543	-0.0673008
-0.0526189	1.98462
-0.00855703	0.174563
0.309519	0.0532457
0.0756022	-0.0610258
-0.172637	0.64678
-0.207165	0.0510275
-0.292364	0.121129
1.14321	-0.49706
0.0873881	-0.0447003
-0.0252583	-0.363802
5.6004	1.24988
-0.599508	0.126061
-0.16384	-0.295258
0.282977	6.25581
-0.288635	-0.361899
0.102024	-0.266376
-0.013884	0.0764319
-0.278475	0.268087
0.0913728	0.225126
-0.164651	0.0745776
1.17372	-0.279001
-0.146639	0.0306032
-0.0159388	-0.127352
4.15191	0.747981
-0.277597	0.0100439
0.160382	-0.157701
-0.0393804	6.23329
-0.110232	-0.549471
-0.154387	0.226598
-0.166016	0.156777
-0.880312	-0.311831
0.047204	-0.253891
-0.0509625	-0.187575
1.60024	-0.219028
-0.337345	-0.314861
0.17204	-0.200263
3.28582	1.71356
-0.219991	-0.206081
-0.212773	-0.145383
-0.0662881	4.45983
-0.253389	-0.246698
-0.00012047	-0.390478
-0.0515001	-0.118673
-0.186311	-0.414799
0.140337	-0.0119563
-0.146493	-0.0293826
1.59412	-0.247785
-0.376495	0.0664734
-0.0468525	-0.109922
6.30245	1.52637
-0.393822	-0.289847
-0.359171	-0.0146872
0.131368	5.76292
0.121633	-0.199442
-0.00820609	-0.210803
0.042297	0.0731936
-0.77527	0.807171
0.298662	0.229344
-0.362795	-0.164288
1.37415	-0.677395
-0.149054	0.12227
0.0994899	-0.236019
3.17154	1.18136
-0.155381	0.0338844
-0.285162	0.0463399
0.102112	6.22704
-0.203445	-0.227033
0.0538193	-0.500277
-0.0983498	0.104219
-0.945873	-0.299557
-0.167834	-0.0388179
-0.0235019	0.0140189
1.79442	-0.667423
-0.300464	0.00168193
-0.0573017	-0.0250864
5.89336	1.81015
-0.371388	-0.428569
-0.508423	0.00885618
0.0926234	6.17922
-0.416593	-0.426069
-0.127515	-0.472329
0.0150287	0.0840062
-0.257553	-0.198033
-0.538562	0.236543
-0.130289	-0.276937
1.69571	-0.183772
-0.181828	-0.548872
-0.241798	-0.0856778
6.39851	1.75822
-0.472693	-0.154353
-0.384124	-0.0115997
0.11233	6.63519
-0.0164481	-0.112253
-0.429707	0.0106729
-0.0439626	0.164684
-0.692347	0.104341
-0.278185	-0.324367
-0.134848	0.118426
-0.602583	-0.8103
0.209193	-0.217988
0.33542	-0.148186
5.20731	1.29769
0.0392747	-0.0171149
-0.356718	0.212742
-0.0399933	6.51906
-0.108168	-0.198802
-0.472762	-0.554352
0.0877632	0.0482576
-0.470395	-0.173193
0.0787106	-0.422545
-0.0101011	0.115065
1.21661	-0.438589
0.0607929	0.0451637
-0.0902434	-0.0283298
3.59001	1.46861
-0.0514113	0.179411
-0.571255	0.0943101
0.058661	5.30306
-0.0761336	-0.133296
0.0269389	-0.680062
0.052229	-0.121463
-0.575258	-0.105352
-0.0242021	-0.215656
-0.0645515	-0.00382988
1.39688	-0.515577
-0.0751923	0.102073
-0.0253436	-0.0529966
6.21052	1.25748
-0.223484	0.0763936
-0.621124	-0.0900028
0.0469364	6.41494
0.14285	-0.416177
-0.349843	-0.374233
0.0743811	0.171275
-0.558754	-0.209264
-0.31983	0.243288
-0.0881759	0.0789772
1.23451	-0.194602
0.176965	-0.426588
-0.291327	-0.208425
5.84575	2.11578
-0.467866	-0.258553
0.224766	-0.20652
0.0042269	5.74066
-0.307241	-0.320479
0.113581	-0.0222809
0.140032	0.0124376
-0.482933	-0.141954
0.0760716	0.0671311
-0.166983	-0.173694
1.22955	-0.657527
0.235113	0.186443
-0.189551	-0.102806
6.28091	1.3425
0.130642	0.0578702
-0.279489	-0.124436
0.0821171	5.81845
-0.360746	-0.281898
-0.0302786	-0.268274
0.111442	0.0545202
-0.593005	0.122444
-0.134778	-0.143842
-0.0104271	-0.231617
1.17764	-0.0646764
-0.0931787	-0.28931
-0.104207	-0.352683
4.86796	1.10801
0.192741	0.0210019
-0.169172	-0.0832648
-0.112646	4.9009
0.465416	0.104701
-0.338108	-0.381436
-0.0591454	-0.0448167
-0.152624	0.173327
-0.233099	-0.272638
0.0845165	0.069329
1.62007	-0.477448
0.340307	-0.26846
0.0259822	0.135258
3.57788	1.34672
-0.0517135	-0.0140455
0.0839489	-0.147153
0.0233521	2.81113
-0.0276578	-0.137437
0.0109371	-0.115764
0.0639878	0.0706365
-0.503304	-0.269793
0.165278	-0.167984
-0.150974	0.031213
1.00284	-0.272553
-0.0178572	-0.0408681
0.1483	0.111655
2.2512	0.805819
0.000525143	-0.131216
