6.64594	-8.73731
-1.40287	-5.84572
6.50348	3.18015
4.72676	-1.02083
0.890451	-1.11699
8.70997	3.26077
7.56383	10.2463
1.9778	-4.41583
1.93345	1.48563
4.92703	-2.58158
4.65385	-8.24495
-2.15939	-4.33763
2.60121	2.32992
6.10157	-2.11895
1.15584	-3.57238
4.21206	3.00038
2.09954	-3.84372
-27.6908	-11.7529
-31.2097	-12.0866
-24.3714	-19.5925
-7.99819	-21.5893
-14.724	-30.2959
-16.9237	-29.9682
-15.9752	-31.3492
-14.1043	-29.5143
-11.6067	-25.8227
-2.19055	-17.4752
1.61354	-14.313
3.72514	-11.2308
1.74448	-13.9894
-1.3474	-13.5227
2.02945	-12.4663
-3.55013	-10.3432
-0.811689	-14.9699
0.165332	-11.3268
-0.0996807	-9.7935
0.0128005	-6.95662
-0.341403	-10.7109
-2.12594	-5.30521
-5.08613	-12.9491
-2.14736	-15.5366
-8.80482	-12.3103
-14.107	-13.7079
-18.8224	-10.7869
-15.285	-10.5158
-11.8856	-10.757
-9.01585	-12.667
-5.4257	-14.5153
-4.90632	-15.6803
-2.95129	-17.7475
-1.73877	-18.9523
-1.0783	-27.0244
-4.07427	-28.1461
-5.05528	-31.2117
-0.924587	-26.4035
2.99061	-23.2271
-0.601428	-20.0759
-1.62751	-14.3339
-2.071	-13.8572
0.370334	-15.1598
-1.0818	-14.215
1.01742	-15.0089
3.37706	-15.5244
3.18562	-15.7796
5.26195	-17.3616
2.61847	-16.4887
3.06203	-21.0503
3.43499	-18.0654
1.42037	-10.7171
8.53674	-9.35535
5.20157	-11.1531
-7.87831	-5.61314
4.17349	-5.46035
-0.599115	-7.79601
-2.93553	-10.5889
0.51609	-6.17915
-3.95084	-16.577
-1.24505	-13.7039
-2.70533	-12.3092
-5.72622	-7.40874
-7.49302	-9.2916
-3.23259	-15.2983
-0.0567243	-5.54483
-1.63151	-4.05187
-4.5982	-13.2771
-2.57054	-7.87667
1.72077	-3.77635
-1.509	-10.2861
0.197059	-10.5454
-1.64348	-3.48709
2.65623	-5.36661
-6.78968	-11.5817
-4.12889	-19.447
-0.439181	-20.4417
-1.99744	-22.7299
-2.39759	-26.7305
-4.11508	-27.7646
-5.37754	-27.2753
-6.04181	-27.0249
-4.67139	-27.9323
-3.04685	-24.3866
-1.80445	-22.8165
-2.63166	-21.9375
-3.31873	-21.5152
-6.18624	-18.1079
-8.41016	-17.1782
-9.90694	-16.3246
-11.5985	-15.0409
-12.442	-16.7681
-10.8709	-16.3285
-10.8467	-16.7459
-8.56064	-14.6869
-8.61979	-13.1606
-10.4262	-13.2229
-11.5355	-12.267
-8.70268	-11.6993
-10.0948	-11.4114
-9.97352	-10.8589
-7.12201	-11.6427
-7.87644	-11.9855
-6.14559	-17.0092
-3.4368	-20.2798
-3.23815	-17.5126
-1.12996	-20.7805
-2.44411	-21.5324
-1.87677	-22.365
-3.62919	-22.264
-3.75233	-20.8046
-3.77287	-22.4916
-4.90297	-21.3301
-6.72754	-19.9521
-6.00923	-20.7294
-7.13317	-20.2174
-6.94979	-20.4035
-5.21333	-18.9859
-4.26104	-20.5578
-3.85068	-21.1992
-1.7087	-21.0055
0.413515	-21.5871
-3.32124	-17.0659
2.50929	-18.076
4.26632	-21.5169
-0.967079	-19.9201
-1.47942	-21.3516
-0.147748	-20.2613
1.84323	-22.2562
2.30259	-21.7319
0.911457	-21.8798
-3.99218	-19.6874
0.78573	-21.487
-0.663136	-19.9989
-3.13026	-18.188
-4.59857	-17.5704
-8.85329	-14.5924
-12.5735	-12.6552
-15.6935	-14.7364
-16.7564	-17.073
-16.7188	-20.6581
-17.1922	-22.8425
-18.1263	-23.2103
-17.2209	-21.6095
-19.0976	-22.7765
-24.2577	-21.0214
-27.3288	-21.5979
-31.1612	-22.9988
-31.054	-20.6774
-31.9424	-18.0642
-31.8244	-15.9323
-31.9951	-14.8176
-32.1918	-14.2404
-31.8488	-15.3428
-30.3403	-13.9653
-25.5515	-10.3131
-21.4983	-13.6029
-17.3256	-12.7842
-17.6664	-12.4625
-12.8284	-14.2051
-6.33893	-13.3891
-2.13869	-13.5063
-2.91569	-8.19164
-2.37948	-9.31141
0.177063	-14.6427
0.191114	-15.6007
-0.113851	-26.0023
-3.16595	-29.3965
-4.57577	-27.8124
-5.21221	-33.8758
-4.45911	-33.3095
-3.11099	-31.8687
-1.49494	-29.115
2.41676	-27.5849
9.17995	-18.9819
1.61528	-10.3607
-1.19499	-10.136
-2.76372	-17.3348
-7.10191	-18.8279
-1.03798	-17.6992
3.97546	-9.35603
-4.47749	-16.1421
-0.83755	-13.1116
-3.83821	-19.5743
-2.39389	-17.2893
3.35792	-23.0298
-4.32464	-23.1982
-7.05904	-25.1554
-7.4892	-23.797
-4.04767	-28.3734
-7.35012	-26.9492
-9.89464	-22.2825
-10.4066	-20.6199
-9.60804	-26.9377
-11.1357	-27.2793
-16.4111	-25.2477
-19.913	-23.7266
-19.3924	-24.7779
-16.3179	-23.702
-17.6317	-18.2721
-13.6846	-18.3212
-10.0906	-17.7678
-14.4853	-18.7674
-18.1286	-24.6541
-22.4238	-22.4031
-23.3164	-24.8847
-20.7882	-19.6814
-18.4377	-6.8224
-13.9575	-1.86366
-17.925	-8.60771
-14.2569	0.656424
-9.43105	-5.20023
-9.90787	-7.60877
-7.83826	-5.79716
-9.29783	-7.21674
-9.08651	-9.07858
-9.28833	-12.154
-10.7025	-11.1341
-18.5693	-8.08057
-20.0361	-4.95225
-21.9195	-10.4568
-22.2393	-17.4211
-24.4275	-23.719
-22.5487	-25.8447
-24.0011	-32.5081
-21.4668	-26.0023
-21.4328	-27.5254
-19.3679	-31.6418
-18.1325	-27.2879
-17.0224	-28.0597
-17.5252	-23.7809
-16.9455	-24.6756
-19.5381	-20.4571
-22.2582	-21.0276
-19.24	-22.8309
-13.8365	-15.977
1.39082	-8.14648
-11.2755	-12.6763
-9.26464	-20.865
-13.8199	-9.39212
-14.5491	-12.7999
-3.53836	-14.3047
-7.95034	-6.85585
0.396067	-9.57095
-1.25676	-7.83033
-8.97598	-11.5673
-7.96031	-8.33751
-8.60413	-15.5264
-5.76821	-12.0205
-5.83225	-6.61102
-2.21419	-6.61856
-8.26406	-9.20655
-3.51607	-17.0929
3.47403	-10.9241
3.2821	-7.81475
0.444341	-8.08614
5.04289	-7.59857
1.5521	-0.973192
0.362739	-9.86872
2.79529	-3.90802
3.05923	-2.22015
-0.236579	-5.09609
0.305481	-4.27096
1.54153	1.71228
2.66026	0.323905
4.10876	-10.923
0.238535	-14.4441
5.25153	-6.15021
9.05459	-11.5602
-1.49048	-19.1921
6.75477	-13.0305
10.6729	-6.35438
0.253121	-16.5283
4.86914	-12.1957
-0.113909	-9.38145
-0.676305	-19.9735
-2.65257	-17.0384
2.45919	-12.5924
1.31841	-17.2239
1.42345	-18.0803
3.15085	-20.7952
0.333346	-15.5619
-2.79741	-17.0321
-0.156214	-16.3436
-2.87074	-15.0686
-1.40669	-17.0689
-1.91908	-17.9293
0.783503	-20.9319
3.12524	-21.13
2.14913	-19.68
0.51823	-20.3744
2.05711	-20.8294
0.667197	-19.7426
1.79778	-21.9093
0.0957913	-18.8272
0.491874	-19.632
1.90241	-21.373
1.61693	-21.5389
4.57173	-19.6069
1.47735	-19.7237
-3.74747	-18.278
-8.55422	-16.777
-11.5776	-12.1409
-13.3576	-12.5296
-15.6898	-13.896
-15.6251	-14.5965
-16.1062	-15.2458
-17.368	-13.2758
-15.7089	-14.1332
-15.5283	-14.3699
-14.1335	-13.0915
-11.8894	-14.2795
-9.19138	-19.5662
-6.68696	-24.0068
-4.7791	-25.3487
-3.70939	-28.821
-3.99774	-33.1604
-4.80999	-31.7139
-6.48659	-33.2525
-7.04103	-26.8344
-6.46189	-25.9658
-8.34975	-27.5729
-7.59401	-29.4616
-8.15794	-30.9719
-7.57827	-31.6114
-8.07503	-31.3283
-9.41001	-31.2808
-12.6936	-27.5225
-10.6336	-24.9618
-10.15	-22.504
-9.73167	-23.041
-7.72647	-24.7549
-3.44838	-25.4537
0.980498	-27.4578
4.88796	-16.5671
8.5244	-19.7518
2.27891	-20.9722
-6.3457	-17.6111
-8.96197	-21.0024
-11.805	-20.8977
-6.51369	-19.5043
-6.69254	-17.4138
-10.5036	-21.4413
-5.7669	-23.0382
-5.31064	-27.8549
-6.94727	-25.9825
-7.84786	-25.9081
-4.10195	-21.0128
2.13177	-19.1381
1.61685	-25.3297
0.751537	-24.975
2.04585	-24.5274
2.54284	-25.959
2.74489	-26.372
0.204956	-24.6294
-0.117253	-23.8946
0.284988	-25.6845
1.25333	-27.9928
2.35029	-29.0428
0.703408	-29.5395
0.190241	-28.7169
0.0259534	-28.7986
-1.62691	-25.8726
-1.99056	-27.0605
-1.84269	-31.8113
-2.05829	-28.9806
1.17328	-25.188
-3.9337	-26.324
-26.8243	-14.2652
-23.3884	-14.5809
-22.9821	-19.072
-21.4865	-21.66
-18.9837	-20.3284
-18.9249	-15.899
-15.2774	-16.122
-12.1834	-19.0053
-7.31721	-20.6012
-3.6682	-18.4259
0.428813	-15.9524
2.6111	-12.3176
0.379223	-13.1179
-0.695991	-13.3488
-0.11599	-17.2233
-1.67817	-18.4783
-0.302849	-15.3213
0.755154	-15.9964
2.58431	-17.7338
5.73417	-20.514
3.93217	-24.6771
0.582816	-19.9259
2.13155	-26.3973
-0.45775	-30.9641
-4.53368	-31.6018
-9.32003	-26.6749
-9.64542	-23.4902
-12.1576	-22.9089
-11.6619	-22.0908
-9.6351	-23.9559
-9.72923	-27.8243
-7.05775	-29.8533
-7.12393	-32.5958
-8.68256	-34.6133
-9.10836	-36.0075
-8.06378	-36.2017
-7.74497	-34.4152
-7.24691	-32.4492
-7.60949	-34.8374
-7.53185	-33.7441
-5.75691	-32.3568
-0.289356	-27.772
3.05612	-29.2087
-1.35891	-28.6957
-5.42257	-30.5209
-6.44401	-28.9382
-8.69941	-27.2643
-7.54326	-26.8302
-10.5142	-25.3617
-8.70519	-24.3175
-10.3103	-23.4059
-8.92725	-22.5982
-10.678	-23.2499
-9.56807	-22.9106
-10.1009	-22.888
-9.69716	-23.5566
-9.90164	-24.1242
-9.90804	-25.7336
-8.48021	-28.9078
-6.31088	-30.1203
-6.19116	-32.2783
-1.21881	-31.4296
0.969517	-36.2681
1.9006	-30.3798
3.07091	-24.7587
0.40791	-29.9533
-1.50664	-31.8016
-3.30701	-27.0822
-2.27759	-28.9195
3.72606	-13.9977
4.4632	-14.6365
4.95686	-24.2022
-2.70882	-20.9835
-6.87736	-15.3409
-2.37111	-10.4976
-6.49858	-3.85758
-8.83288	-5.75411
-11.1287	-6.42547
-10.3548	3.06801
-15.2905	-7.92026
-15.8783	-20.7189
4.82433	-9.39667
-1.2812	-23.8243
5.93712	-25.3164
2.33656	-31.2691
1.25186	-32.0686
0.904451	-32.5298
1.27616	-31.3007
1.29007	-30.7847
1.81127	-29.1994
2.84276	-30.8117
2.27808	-25.3324
2.2401	-26.7098
15.8685	-19.3849
6.89643	-23.7536
2.93602	-21.6125
1.90029	-24.4419
1.03952	-20.7758
1.8504	-20.9213
-0.362119	-22.0489
4.49473	-20.4872
2.5376	-15.9307
-0.751921	-15.5138
5.82201	-18.4211
-0.512637	-11.3629
3.32922	-11.8682
6.98028	-11.9028
-10.162	-12.6778
-9.79267	-13.0296
-8.17193	-14.9805
-12.2361	-20.1646
-8.2445	-11.0008
-4.91147	-17.0653
0.774767	-11.1782
-2.12914	-12.383
-1.77823	-6.77633
-2.71398	-1.15579
-5.28372	-8.13177
-4.10999	-5.84741
-5.00868	-9.90514
-1.79068	-5.556
-2.16203	-8.15459
-3.80686	0.450022
-3.10169	-7.73232
-4.70025	-4.68559
-1.48954	0.380897
3.10811	-7.45856
-1.65517	-7.86919
-2.53242	-3.61797
-5.6097	-5.50387
-3.62032	-2.11154
-1.47698	1.54193
-1.59467	-5.9102
0.937854	-5.51379
-7.74344	-4.50511
-1.54288	-8.78657
1.52647	-13.9548
-4.3811	-13.9264
0.390973	-18.9046
-8.89903	-13.2248
-2.29318	-6.76946
-2.68482	-9.54904
1.54001	-8.48388
-7.8642	-0.0586758
-6.33536	-13.302
-4.09775	-6.35636
-2.38786	-9.36695
-1.97713	-7.15076
2.35809	-4.39884
-0.694217	-8.9466
1.13234	-11.1245
8.0478	1.26209
0.896341	-3.87985
-1.67431	-16.0806
-2.11357	-6.9391
0.660814	-8.47694
1.62144	-7.94228
-20.0336	3.37292
-20.7704	-0.0763471
-6.7552	-2.89288
-10.617	-12.1709
-12.3126	-9.60252
-13.5698	-12.2524
-15.4684	-14.907
-13.9923	-20.5445
-8.86078	-24.9447
2.17068	-20.0718
3.99693	-19.7091
3.61549	-22.4624
1.63286	-22.1129
0.599836	-22.8839
2.22389	-22.2892
4.11473	-23.9478
0.925444	-26.7962
-7.08501	-25.2107
-4.29331	-15.5414
1.48001	-10.5971
-0.739828	-10.3174
-2.62152	-6.03829
-11.2766	-16.2081
-3.02805	-2.73016
-10.6964	-15.0909
-9.12069	-16.084
-1.67438	-16.6702
-5.8916	-23.6559
-11.5567	-22.0434
-11.0473	-21.1402
-10.4468	-21.5373
-9.66296	-23.2242
-8.64527	-22.8106
-8.97524	-20.6049
-8.32369	-20.3126
-7.2073	-22.2972
-8.34314	-23.6324
-9.21732	-23.6335
-9.2914	-24.676
-10.0338	-25.356
-10.177	-26.4243
-11.2941	-26.1042
-11.9043	-25.8285
-10.182	-26.2176
-10.935	-23.2116
-10.3955	-24.0328
-9.66589	-23.8701
-9.64065	-22.7794
-10.2833	-22.0641
-9.22532	-20.2813
-8.01579	-21.2002
-4.28727	-15.0848
5.4081	-17.5302
5.60411	-19.8155
6.57324	-18.3284
4.99222	-16.4422
8.95181	-16.8342
6.08658	-16.1054
2.2408	-15.4281
8.04877	-16.2429
2.61303	-14.7997
5.15859	-12.5858
6.58755	-12.704
6.44741	-16.1787
10.2316	-13.4204
12.1247	-9.45393
10.0154	-13.1428
9.27108	-8.60214
12.0447	-11.6003
11.2619	-6.71385
7.93294	-21.0506
9.0035	-6.70753
5.79009	-19.2214
4.09779	-10.6357
8.87013	-2.51367
2.80802	-12.2303
-0.439146	-20.9008
-0.763077	-15.2802
-1.21034	-12.01
-3.82402	-9.76837
-4.53266	-14.5851
1.15841	-5.88414
-1.67347	-14.1292
-6.2387	-17.7053
-10.7156	-23.9868
-5.93135	-21.4278
-6.77658	-14.7395
-3.84088	-34.1574
-7.74228	-23.9714
-12.2029	-32.2182
-8.21803	-21.8995
-13.8866	-27.1981
-8.49122	-28.9911
-12.6725	-23.9192
-14.9715	-24.3401
-10.7143	-27.0384
-8.47479	-24.1487
-5.96955	-23.6224
-4.73209	-19.9017
-5.77901	-12.7988
-12.0409	-2.94649
-11.8306	-0.845311
-12.0297	-6.18708
-7.6599	-8.36512
-5.81128	-10.9534
-4.88525	-11.777
-2.67616	-10.7595
1.13458	-13.8613
-5.61802	-6.00713
-5.51713	-2.79494
-3.47896	-7.81557
-3.86766	-7.55745
-2.56803	-9.74868
-8.9798	-15.6034
-12.1661	-18.4285
-12.3226	-20.5067
-15.8829	-22.674
-18.1262	-22.877
-20.9739	-22.2444
-21.4523	-20.7643
-23.9257	-20.1454
-24.9181	-17.5109
-25.3692	-18.4848
-27.0354	-18.202
-30.4694	-17.5424
-32.4483	-16.1372
-29.9746	-14.7582
-30.2817	-14.974
-32.566	-14.0762
-31.8254	-14.0557
-31.3803	-15.1039
-31.1857	-14.4611
-31.2194	-12.2292
-28.9624	-10.7217
-26.5618	-9.30383
-26.5301	-10.9227
-24.5641	-10.4755
-22.0709	-10.5246
-22.2291	-13.7086
-19.4249	-15.0058
-14.2505	-15.1578
-15.144	-15.7309
-20.0411	-17.4412
-19.6606	-16.0499
-21.1919	-17.9037
-19.6675	-20.1731
-18.018	-22.2639
-19.9221	-21.8184
-16.8398	-23.3653
-15.0719	-23.8823
-10.3144	-26.7507
-4.61497	-23.7367
-5.04734	-23.5447
-5.98029	-25.3006
-6.89732	-20.8841
-6.50237	-25.1376
-8.08497	-23.603
-8.61162	-24.0798
-9.54391	-25.0184
-8.08155	-27.5185
-8.19739	-24.0283
-8.24239	-26.4782
-6.91708	-25.0726
-7.28886	-27.0906
-2.35684	-25.9628
-1.7671	-27.9388
0.157489	-28.1736
-0.147111	-32.132
-1.86727	-27.5133
1.1132	-33.1122
1.92612	-29.5912
1.06604	-31.0236
2.04889	-30.4319
2.1164	-31.9495
1.61898	-32.139
0.172975	-29.9976
-1.43133	-25.6083
-1.45066	-21.7167
-9.01843	-27.5609
-9.43198	-25.0343
-10.8745	-21.593
-11.1821	-16.5255
-9.32611	-18.6033
-6.9585	-17.0435
-6.17151	-12.0391
-7.60289	-11.0959
-6.99499	-15.5107
-4.49405	-9.1597
-4.11854	-6.83828
-4.48477	-10.3793
-5.24421	-12.6161
-9.65843	-13.7995
-4.87178	-20.4406
-6.79676	-21.4832
-7.69534	-23.4964
-5.8063	-25.0902
-9.48369	-28.1993
-9.95888	-25.1003
-9.85169	-25.6975
-8.98908	-22.6044
-9.58202	-23.8765
-10.8245	-20.1042
-7.67955	-25.1935
-4.66963	-23.2552
-3.87908	-22.2193
-3.65689	-22.9986
-1.08907	-22.8461
1.7842	-18.466
12.9248	-1.42818
6.9308	-10.7773
3.65818	-12.7311
5.31449	-2.42396
1.9471	-4.86868
1.63672	-10.9345
-1.81369	-6.44856
-7.36095	-13.5342
-4.67484	-11.8963
0.411409	-3.04725
-2.1829	-5.74961
-1.23593	-2.80209
-1.10178	-9.13951
-3.77894	-16.2088
-7.25555	-13.5268
-6.30674	-10.1786
-2.55184	-14.1244
-3.35965	-11.503
-1.42149	-2.40044
-5.09795	-14.4685
-1.74821	-14.1133
1.13559	-4.63885
-6.19825	-6.6142
0.275246	-1.78972
-6.01709	-2.16029
-5.91329	-7.71614
0.152424	-6.7129
3.67128	-2.05527
-1.09107	-3.85685
7.20582	0.249574
3.35183	-8.38706
0.343603	-9.37813
-4.02708	-7.31861
0.341729	-10.2999
-1.29238	-11.2181
-3.00007	-4.59597
1.26104	-8.10304
-3.34741	-4.45895
0.365455	-1.89679
-0.0655717	-7.08612
-2.22827	-7.76464
-2.87839	-7.35487
-8.70316	-11.3219
-5.63664	-12.5021
-4.88931	-15.1404
-0.831087	-12.9021
-6.10108	-13.161
1.76439	-9.88086
-8.58784	-11.2656
-5.41511	-16.2254
-12.1953	-6.57713
-8.77577	-12.042
-1.77614	-9.18127
1.15857	-9.48988
2.95031	-14.5751
4.53533	-14.2596
3.68573	-12.5268
-0.232903	-15.8356
3.42703	-5.98575
2.35229	-9.48892
-5.87135	-10.567
-4.96607	-16.241
-9.25292	-17.3537
-10.4778	-22.6644
-11.5541	-26.4788
-10.2038	-28.9902
-9.59123	-31.1503
-10.2498	-28.3195
-7.26195	-23.7302
-8.58483	-20.0379
-11.8157	-16.2522
-13.494	-14.6686
-16.4879	-14.6493
-19.8761	-18.5438
-24.5342	-19.7063
-24.9747	-22.6886
-25.3349	-22.172
-20.5529	-22.3898
-20.2797	-22.0216
-17.4414	-15.8202
-5.61738	-16.8271
-2.27244	-7.78918
-8.49633	-7.60563
-13.5046	-19.0301
-13.4322	-16.5743
-11.2979	-17.3411
-7.45295	-10.9303
-2.47776	-12.8762
-3.30308	-10.8217
-9.84577	-10.6307
-4.9686	-12.5022
-9.82418	-15.0125
-14.6253	-15.0937
-9.1455	-3.45601
-16.0623	-11.4145
-20.6443	-14.5559
-19.8698	-14.6654
-19.9525	-11.8648
-16.8552	-10.0203
-15.2099	-9.54872
-10.4222	-10.3098
-9.58991	-11.7447
-7.19127	-12.6508
-6.63996	-14.9997
-5.29765	-17.6496
-5.46212	-18.7277
-4.22295	-20.4306
-2.25226	-22.1829
0.399585	-24.1492
-0.318086	-28.6031
-3.89492	-27.4177
-1.46569	-26.5463
-5.06837	-26.6732
-5.56036	-26.8409
-1.188	-28.291
-1.83056	-24.359
-1.98526	-25.2946
0.0872203	-22.5277
3.56651	-25.2596
3.81358	-20.0876
-1.92507	-17.3573
-5.37612	-17.1013
-6.58611	-12.6134
-16.0673	-17.5211
4.17805	-12.6751
-11.8873	-9.25271
-12.446	-16.0735
0.740339	-7.96381
-1.38944	-5.98942
-3.53618	-10.0076
0.483588	-5.39047
-4.39683	-8.55205
-8.14436	-11.3418
-9.65664	-14.6093
-8.30457	-10.7972
-12.0178	-16.3711
-12.707	-17.1306
-15.4864	-13.8595
-16.345	-16.1439
-13.9507	-20.2528
-13.579	-24.755
-15.6646	-27.4446
-15.5104	-29.1691
-15.2406	-31.7884
-13.4013	-28.8198
-13.8273	-24.5627
-13.1835	-19.8552
-9.4525	-22.6943
-5.16263	-20.4779
-2.34925	-16.8486
-2.31366	-14.8521
-7.10183	-13.9281
-12.5266	-11.9166
-12.0094	-14.6888
-13.5112	-16.6816
-15.4694	-18.8371
-15.3658	-16.6886
-5.08187	-13.5719
0.287829	-11.2446
0.655022	-14.2451
-1.67473	-17.4369
-2.51154	-16.2905
-0.0135802	-23.9091
0.224166	-15.3563
3.32625	-12.711
-3.82538	-12.6078
-4.63816	-13.319
-11.6286	-21.0706
-9.33766	-25.4373
-12.5612	-11.1411
-13.5769	-18.2992
0.0423435	-23.9394
-0.102934	-31.7468
-0.783038	-34.9123
-6.98743	-28.5513
-6.30287	-29.4313
0.228107	-25.8746
11.4588	-20.0896
5.30642	-28.7898
1.14233	-25.0563
0.216453	-24.3649
0.658903	-24.0896
1.77865	-26.6088
-2.97201	-23.5369
-0.0300642	-23.2828
1.23517	-22.9456
-3.87016	-24.6239
2.73476	-27.1796
-3.1757	-20.2313
-11.9477	-22.5927
-23.2211	-21.4693
-27.3166	-25.4902
-27.0866	-21.3455
-27.8286	-17.9647
-23.5383	-11.0547
-19.1876	-12.4572
-14.8989	-16.9577
2.83869	-10.4021
-5.897	-13.2894
-2.18607	-17.0796
-7.2389	-12.7871
-9.55599	-12.741
-6.85743	-11.2223
-13.8272	-12.2716
-13.278	-13.4231
-20.2805	-12.9075
-23.1796	-13.2984
-22.1653	-14.6621
-22.0197	-11.5416
-22.7863	-14.6912
-20.9324	-18.7167
-20.2431	-21.4113
-22.5624	-27.8921
-28.4025	-25.2506
-27.6649	-26.7042
-26.7885	-25.2847
-24.1406	-26.0045
-21.1271	-29.4141
-21.8268	-30.5911
-20.3964	-30.1492
-25.4583	-27.0481
-23.607	-30.3929
-24.5705	-29.9135
-20.5073	-29.9186
-15.4973	-23.906
-14.8171	-18.7155
-11.9224	-14.3476
-4.45882	-16.6126
-4.42431	-14.9284
-3.04265	-15.5095
-0.461672	-16.7541
0.829797	-17.3727
4.77078	-14.4303
3.76846	-13.0696
3.67513	-12.0253
-0.640012	-10.3849
1.26634	-12.9875
-5.60425	-10.5622
-8.15117	-8.24241
-8.3092	-13.1369
-4.89289	-16.2519
-6.42706	-18.9298
-7.25992	-18.509
-8.1968	-21.1686
-9.66904	-22.9854
-10.7664	-24.1994
-9.34154	-26.1871
-11.377	-26.9186
-10.2944	-27.0504
-9.34299	-29.516
-9.6274	-25.794
-5.78742	-20.5987
-1.98579	-23.5941
-1.76175	-21.0461
-4.32954	-22.2369
-0.972338	-9.72913
0.202757	-8.42035
3.13722	-8.97495
-1.72804	-18.6525
-6.45069	-20.1409
-10.675	-15.4073
-11.1999	-12.7423
-8.61978	-11.983
-10.2296	-12.114
-12.8575	-16.2294
-10.6652	-10.5737
-17.1282	-5.82177
-10.2298	-11.1036
-5.08014	-22.7982
-4.63494	-23.8096
-8.3233	-23.4412
-9.11205	-22.5278
-4.41087	-33.3282
-2.71246	-33.6832
-2.78501	-30.7594
-4.6138	-32.2799
-2.3452	-20.8791
1.89089	-12.3561
1.9716	-15.6344
-0.862581	-11.6763
-2.41868	-20.6434
-4.36762	-20.7464
1.87137	-21.1291
2.4208	-13.7572
-1.0192	-18.2833
-6.85636	-15.6848
-2.54587	-8.97104
4.15567	-7.04283
4.66871	-3.25981
1.05058	-7.41959
2.5657	-6.09442
4.05497	-0.70395
10.049	-4.16794
7.11314	-13.1403
5.42278	-11.9164
7.2075	-11.1118
10.9372	1.76017
6.7406	-9.22022
3.45203	-4.84223
4.65123	-5.34068
2.04101	-6.84017
2.71397	-9.94864
-1.15351	-7.45193
-10.1548	-14.1604
-8.54903	-15.7077
-7.64968	-13.3308
-8.55444	-18.6818
-6.76542	-21.5557
-2.7221	-23.248
2.82557	-23.0858
-2.82758	-17.3952
-6.24592	-4.69523
-7.53192	-5.34801
-9.85722	-13.8184
-14.7405	-11.8931
-10.4349	-12.9614
-8.94918	-13.7359
-8.51003	-17.3833
-5.97671	-15.9919
-4.69334	-15.5563
-7.78818	-12.5051
-3.67145	-11.8273
-4.76441	-17.6194
-2.79459	-7.94256
-3.96572	-6.83345
-0.864651	-14.3335
-2.06862	-10.6853
-12.9137	-7.12121
-15.6837	-12.2657
-13.0376	-4.75654
-15.4493	-10.8699
-7.62897	-19.2691
4.80875	-16.1813
1.37958	-13.0422
-0.477225	-15.1199
-1.32054	-20.9719
-3.21396	-25.0982
-6.16614	-23.9945
-10.2855	-22.3039
-14.0413	-21.2703
-18.0084	-18.0325
-14.6422	-17.698
-16.5203	-18.0436
-17.87	-20.1733
-17.1575	-16.7784
-16.7294	-17.3289
-18.3878	-18.0047
-19.8973	-16.9194
-18.5071	-17.8507
-15.9287	-13.584
-12.8912	-12.6517
-9.75469	-15.9182
-7.64429	-17.353
-7.40048	-17.5898
-5.0641	-21.4523
-6.03371	-22.9948
-0.327859	-28.1845
2.33067	-35.2854
3.37206	-37.4193
8.90038	-36.6784
7.23636	-34.9408
4.49925	-38.8396
-2.23511	-37.3709
-4.01527	-39.3947
-5.29932	-36.3781
-5.54912	-38.2531
-0.292123	-39.8432
-6.07482	-38.0657
5.55917	-38.1577
9.67374	-26.9536
5.91482	-20.6539
-1.89206	-25.4634
-2.54189	-30.7583
1.4936	-30.5506
-3.46539	-30.2734
-0.351328	-30.1341
-6.48869	-26.6051
3.57381	-29.9095
2.70428	-26.8348
-1.75033	-23.3771
-5.38711	-23.9746
-3.7894	-20.7492
-2.65777	-21.9451
-1.58638	-25.7162
-10.8431	-18.3538
-18.708	-17.033
-3.25719	-14.3536
-16.5763	-15.4412
-20.7653	-16.9112
-19.3929	-17.3745
-19.2676	-14.8235
-20.4757	-12.14
-20.0201	-14.2803
-19.376	-11.8445
-13.8227	-8.75313
-4.99456	-11.8459
-8.48377	-8.85482
-14.4508	-7.27701
-10.5367	-9.52402
-12.4056	-6.67371
-12.7671	-14.7174
-18.5327	-14.0253
-21.1227	-15.1809
-20.2053	-15.9418
-18.2077	-16.3634
-17.4414	-20.2166
-16.9327	-23.351
-11.4892	-29.1117
-9.68176	-31.504
-10.3944	-30.332
-12.7333	-27.3882
-13.4389	-23.8806
-17.4623	-14.7714
-15.9743	-9.24093
-16.4783	-9.55769
-12.253	-9.22974
-12.8496	-18.6204
-10.3882	-12.6315
-19.2629	-5.14442
-33.0638	-11.9318
-22.9955	-4.14295
-21.6128	-16.0955
-22.2326	-18.4531
-17.1558	-17.6055
-12.7406	-18.9432
-5.90419	-17.7537
-2.67617	-14.8684
-0.327278	-13.6108
3.57158	-15.136
2.86434	-20.7645
0.982196	-17.594
7.0569	-21.3405
4.26899	-23.422
-0.00915722	-13.5566
-3.01233	-7.57954
5.07683	-11.5771
0.848187	-12.7554
-7.52332	-10.7182
-13.9259	-16.8386
-7.51953	-20.0044
-6.7819	-16.8168
-9.52634	-18.5369
-9.55139	-19.4806
-5.20509	-24.3342
-0.822907	-27.9711
-4.74334	-27.8377
-2.43061	-25.3816
-1.57998	-25.6895
-2.28632	-24.1452
-5.21237	-23.8476
-2.5612	-25.2057
-1.55321	-28.408
-2.27669	-28.4783
-0.0808629	-31.0351
-1.07976	-31.2097
2.91198	-33.9491
3.26588	-34.9513
6.70485	-32.7829
5.16989	-28.2244
5.40354	-36.6858
-1.35415	-37.7167
-6.35401	-34.5104
-9.94029	-35.8726
-9.88903	-34.0834
-12.6437	-33.3053
-4.71123	-26.4698
-11.9238	-35.2651
-0.618018	-19.8083
-7.70728	-32.5226
-0.257856	-21.7367
-9.77632	-29.0489
-2.41216	-14.2554
7.71318	-14.6523
4.2266	-16.3268
9.31566	-6.75891
5.10959	-13.0111
-2.54135	-9.23021
-2.9219	-13.8747
-3.34222	-9.96076
-5.60118	-6.14191
-1.21931	-8.4271
-5.10095	-12.8629
-8.29946	-12.9858
-3.37785	-9.61368
-7.82351	-11.3172
-3.02885	-14.3344
-3.9713	-8.02495
-4.08156	-13.1184
0.154226	-11.5636
5.13767	-3.6432
2.83678	-10.4312
6.59271	-17.1165
2.21549	-16.0184
2.13609	-13.7008
1.94033	-15.8828
1.38744	-15.5953
0.826776	-17.8113
0.0230594	-16.7355
1.85053	-16.9339
6.49891	-14.9827
1.51125	-13.6669
-1.87489	-13.981
-4.2676	-13.457
-6.00148	-12.7719
-5.0851	-13.2923
-2.49127	-16.6491
-1.27399	-19.283
1.69567	-20.9033
5.69733	-17.1089
-0.074539	-20.4447
-0.887234	-21.7058
-0.861888	-22.7075
0.94475	-23.047
1.07773	-23.8436
1.77594	-23.1075
0.000743704	-22.9049
-8.29314	-18.7387
-13.2122	-17.7909
-16.2715	-16.847
-16.635	-17.4527
-16.6773	-18.8406
-15.0269	-22.7995
-14.3359	-26.4444
-9.58431	-25.0107
-10.5854	-26.0115
-10.3763	-23.7628
-8.46493	-20.5565
-7.07411	-18.0418
-9.16073	-13.8349
-11.3784	-13.2351
7.94659	-13.737
6.72862	-15.1181
4.64442	-18.2697
3.85355	-12.161
-5.36794	-16.6532
-4.00289	-18.172
-0.702447	-16.3115
-4.20723	-9.96868
-9.19809	-13.6794
-5.08256	-18.2667
-1.61621	-22.6861
2.28577	-17.3543
0.548476	-19.7781
-2.14421	-23.1891
-1.65202	-23.3127
-2.94887	-22.2216
-1.29912	-19.777
1.54492	-16.1613
2.96173	-15.3817
2.5243	-17.2053
-1.40287	-17.3067
-0.373526	-20.1992
-1.55806	-19.6562
-0.990386	-19.3023
0.85252	-19.8473
-0.176644	-19.7612
0.201147	-21.5089
-1.4018	-23.2599
-0.393786	-24.7113
-2.15551	-25.5523
-2.3855	-24.3513
-7.80436	-22.1732
-8.39348	-21.2053
-9.69158	-20.4984
-7.26807	-21.5444
-3.7144	-27.8566
-3.75188	-24.1595
-9.17226	-18.0463
0.936155	-18.7188
-0.216314	-14.8381
-0.038044	-16.2607
0.955522	-8.69717
4.77231	-14.5344
3.70457	-17.5778
7.50217	-15.8111
5.77205	-4.84596
6.49704	-8.82303
-5.62156	-10.0135
3.19499	-14.1928
-1.57942	-8.40936
-3.42143	-21.0305
1.8883	-9.73115
0.869752	-14.605
-12.4853	-2.9942
-16.4532	-7.96261
-6.82579	-11.0702
-1.61372	-10.2462
-7.07783	-17.2656
-8.68985	-18.006
-4.28989	-15.4832
-1.56787	-20.6322
1.63548	-16.8997
0.867906	-11.9456
-2.32689	-19.1834
6.44488	-15.5084
3.95611	-20.3981
1.04445	-18.0723
0.222416	-20.2508
2.83647	-16.5087
-0.930608	-15.2894
1.14601	-21.13
4.73517	-20.2837
1.67149	-23.9058
4.73593	-16.7358
7.01504	-18.2107
10.9185	-16.8157
4.02762	-15.4502
0.22485	-10.1925
10.2762	-11.0083
3.44271	-18.4944
3.73859	-12.8088
2.79158	-18.0663
-2.37401	-12.2049
1.09013	-18.6564
-2.03636	-24.4361
-5.03579	-14.7154
0.422312	-13.6084
-0.660647	-20.8653
-1.54864	-22.0927
-1.18235	-20.2059
1.09304	-15.299
-11.3839	-10.0147
-4.12252	-11.4726
-8.61902	-18.9563
-2.50703	-10.9311
-1.98844	-8.3771
-8.98195	-16.0591
1.18495	-12.4732
-0.263271	-5.56824
-4.00407	-19.2569
-7.01166	-10.267
-2.20281	-11.5922
-2.30537	-10.6673
-4.99622	-4.71558
0.341325	-6.08824
-1.62737	-7.41146
0.639992	-3.88921
-2.31166	-13.7441
-4.55036	-10.7131
1.6757	-8.68572
-9.71972	-7.20422
-7.89472	-6.5923
-4.65136	-6.65321
0.473898	-1.97508
-5.25191	-9.25138
-8.89195	-6.51598
-8.224	-8.24722
-9.85223	-6.97536
-11.2088	-8.45034
-12.9019	-8.66023
-10.9734	-10.1284
-10.6572	-11.9101
-11.4145	-16.5014
-11.5318	-17.8791
-10.7069	-17.4189
-9.97643	-17.9908
-9.68073	-21.2418
-11.2536	-22.148
-9.4555	-19.6961
-7.97112	-19.1532
-4.19095	-21.4612
-1.19279	-21.9417
1.46515	-23.3971
5.01413	-25.9755
3.89587	-23.7599
-2.54836	-17.9375
-5.2043	-20.9175
-2.97243	-22.7097
-0.493091	-20.7826
3.94508	-17.1933
-3.4407	-15.8135
0.206791	-10.1999
-1.56373	-6.68529
-4.71457	-12.6053
0.526646	-15.9751
-1.58582	-12.8788
-8.81728	-16.3809
-6.21649	-16.4492
-12.1473	-26.9723
-0.522151	-28.3522
0.046914	-37.184
-1.22906	-35.9774
-1.71724	-32.4458
-3.07774	-30.2351
-2.78402	-29.1409
-4.87675	-28.6704
-6.60199	-25.9829
-5.22566	-25.4143
-3.20551	-21.7259
-10.093	-19.0833
-12.05	-17.5703
-6.12407	-20.9893
-3.63432	-24.9047
-8.04101	-26.4443
-8.69849	-28.2344
-8.81647	-29.3659
-8.13266	-28.6057
-7.57636	-24.2395
-8.10809	-21.5836
-5.0583	-20.6101
-2.69486	-21.8556
-1.47724	-21.6818
-0.896516	-24.3938
-2.99937	-22.7042
-3.24403	-23.5284
-3.77671	-26.1149
0.86076	-27.5938
-2.17599	-17.7509
0.175263	-23.7621
-8.01104	-21.1685
-1.57612	-17.4132
-4.32255	-19.522
3.06753	-17.6167
-18.9718	-18.9726
-29.389	-24.8705
-15.3455	-19.5816
-19.3241	-26.8387
-16.7659	-26.1523
-17.2274	-19.5581
-14.1178	-17.2131
-10.5216	-15.3053
-4.75475	-14.9391
-5.48226	-14.8117
-3.18819	-15.4112
-3.76316	-17.2309
-5.77443	-17.9697
-7.64796	-15.0859
-9.04051	-16.5398
-10.5422	-16.9621
-9.27108	-19.4389
-11.1433	-20.9755
-12.8345	-20.5145
-11.2868	-23.3198
-14.5334	-21.5331
-12.9952	-20.4059
-13.5252	-20.3044
-11.6097	-22.323
-7.6434	-23.0186
-5.29614	-21.4878
-1.85162	-14.9294
-4.19758	-15.4602
-8.7908	-16.8946
-9.81088	-17.0743
-13.0484	-17.4281
-12.6953	-15.1894
-13.6121	-15.7438
-14.2083	-15.8779
-15.4352	-15.0618
-17.8752	-16.1658
-18.7572	-15.5525
-19.8814	-19.1724
-18.6895	-23.2248
-16.301	-18.4942
-9.42252	-16.5045
-3.47041	-10.3266
0.395355	-6.09755
2.82416	-9.46867
-6.03419	-12.8556
-15.2854	-10.8115
-19.7642	2.87332
-11.0518	2.21608
-2.04675	-4.31287
-3.89417	-8.00141
-8.01768	-8.17732
-9.04107	-13.0241
-9.21515	-14.1968
-9.70757	-14.9029
-10.3828	-15.2685
-3.81042	-15.3753
6.09368	-15.9639
8.34725	-21.185
7.19223	-23.8122
5.65411	-24.2436
7.46619	-22.9459
8.23798	-27.146
8.69244	-23.9457
0.366604	-27.3283
-2.18394	-23.4533
-3.07758	-18.3261
-9.24547	-15.9381
-13.8384	-13.0777
-15.7748	-11.7363
-16.8329	-14.2049
-16.9324	-12.4901
-12.7693	-12.4422
-14.259	-12.039
-9.90832	-13.7168
-4.21723	-19.6808
-5.08798	-22.5959
-2.67021	-21.3559
-2.19198	-12.6683
-1.2082	-10.9048
2.33297	-14.0192
-3.41944	-7.83248
3.85676	-11.5739
3.36603	-13.1295
4.66635	-12.7996
5.09457	-10.5206
6.00328	-8.71936
6.82649	-12.8526
7.01679	-14.8075
7.75726	-11.1758
6.41238	-20.1899
11.9588	-15.3769
4.0089	-15.2888
5.20751	-7.75085
1.88094	-6.14347
1.24539	-15.7135
3.89217	-6.86309
-3.06346	-4.7198
-1.97922	-9.8129
-0.140814	-7.74152
-2.00389	-16.4161
-1.26248	-12.1384
-5.0803	-14.1127
6.31811	-12.1635
-2.08029	-18.8135
0.959659	-14.9779
-0.836553	-11.0052
1.31615	-15.2693
5.88663	-9.14171
6.69302	-7.59375
-2.95699	-12.7284
0.446607	-20.0685
-3.94538	-22.7122
1.04856	-17.7637
0.673421	-21.9569
0.685622	-21.5151
-4.58935	-21.0385
-9.79613	-15.068
-12.2751	-14.3354
-13.8404	-14.6501
-13.7904	-15.95
-15.5987	-15.8327
-12.7154	-16.1175
-11.0089	-18.8714
-14.4612	-16.7411
-11.9328	-15.617
-9.44989	-21.7897
-8.54253	-24.5681
-8.49845	-27.9974
-7.67175	-25.2382
1.91258	-10.9495
-0.711838	-13.2073
-5.28163	-15.5175
-8.14658	-17.4046
-8.07537	-15.6381
-17.3471	-10.1864
-10.4614	-15.8771
-4.46545	-20.492
4.37282	-18.4431
-3.6275	-14.5576
-7.77191	-18.7677
-8.79533	-21.3734
-4.3248	-21.4429
0.229464	-12.816
-2.64372	-15.2802
-5.70407	-15.2581
-9.47194	-15.2253
-4.77473	-12.1485
-9.79701	-12.3873
-11.5631	-14.7117
-12.203	-12.5691
-11.188	-11.6779
-11.512	-13.0678
-12.8736	-13.7158
-12.7985	-15.0831
-9.8953	-15.1311
-11.0337	-7.95727
-11.215	0.709336
-15.4578	5.64449
-17.0458	2.72807
-17.1821	-4.63081
-17.2847	-4.32821
-14.4905	-10.3454
-16.595	-1.86915
-5.96769	-1.10498
-4.80071	-4.46678
-7.25041	-10.3811
-10.2336	-0.412862
-10.8619	-5.30246
-11.082	-8.61539
-12.4584	1.17664
-6.059	-11.9444
-7.72361	-9.29163
-7.2522	-18.5936
-3.0011	-14.4282
-0.174924	-12.9882
-2.80174	-29.6352
-5.49724	-29.2195
-7.64543	-30.2918
-7.17272	-31.8845
-7.40805	-29.6605
-6.93682	-30.0508
-5.89041	-31.1413
-5.60139	-31.2623
-6.96796	-33.9732
-6.37718	-35.2416
-6.59388	-35.5915
-6.34183	-36.613
-6.11958	-33.9453
-7.84935	-33.9926
-9.21293	-33.922
-8.23233	-33.1907
-9.19957	-31.4913
-8.71101	-31.2664
-4.01048	-27.88
-0.488163	-29.7792
4.49876	-31.6195
5.68286	-28.3523
9.40328	-29.4542
1.95486	-24.9525
-11.9104	-5.80895
-19.3747	-4.36373
-15.3474	-14.1081
-18.2271	-11.0825
-12.439	-22.5679
-7.48514	-22.6877
0.538384	-20.4647
2.47801	-13.0103
4.65797	-11.2935
4.35545	-15.574
-3.22569	-14.1133
-1.66454	-9.5307
-2.08883	-11.6734
-10.3415	-20.6171
-12.2505	-20.9924
-13.3115	-19.7997
-10.6297	-22.0408
-9.43924	-15.2325
-13.3289	-5.61177
-8.63034	-0.702563
-5.85248	0.820413
4.98071	-9.29956
1.92747	-15.7885
-5.74725	-22.9612
0.912567	-6.73335
-6.59401	-12.4558
-0.899821	-8.8893
-6.13775	-14.1424
-1.32224	-3.18516
-9.97656	-15.621
-9.60904	-26.9226
1.90669	-21.2319
-3.3578	-31.1643
-2.69667	-30.4817
-3.80213	-29.8183
-5.65189	-31.358
-2.36675	-30.9306
1.00162	-23.5658
1.4914	-19.8568
4.27773	-20.8704
4.68424	-22.0886
0.626407	-20.8976
-3.7779	-18.1743
-6.3398	-14.821
-8.58093	-14.9218
-8.27501	-14.3176
-8.47294	-12.6238
-9.07995	-13.267
-1.98189	-13.9589
2.72891	-14.1907
4.21659	-15.3682
3.38967	-16.0896
0.0573792	-14.0466
1.3215	-15.901
2.78181	-16.3537
2.72035	-15.7432
3.01772	-16.368
0.649156	-14.282
2.57659	-16.2677
1.69352	-15.9601
3.91976	-15.6638
2.82634	-16.2726
5.28238	-17.1123
4.48451	-18.3775
3.54153	-17.6799
4.51089	-18.3099
2.77593	-16.3853
-6.89563	-26.8957
-9.98496	-24.2572
-9.16643	-22.8482
-4.55075	-23.0915
-2.36218	-20.3507
1.62671	-18.5153
-7.02797	-6.49105
-9.90017	-10.4691
-4.2475	-9.87142
4.6853	-20.5
2.96831	-22.1978
1.81361	-16.1772
-3.35604	-9.33037
-3.13515	-14.5576
-5.881	-16.3517
-7.542	-23.6606
-8.68626	-25.4408
-8.18533	-14.7776
9.46505	-13.3729
1.77383	-15.8522
0.94584	-18.6921
0.577932	-17.7026
-0.670585	-16.7915
2.56958	-11.2454
4.27612	-11.0119
-4.31425	-11.5224
4.15316	-10.9565
7.3904	-4.30968
9.40881	-5.3491
5.54882	-9.25274
4.57703	-13.9303
2.58323	-14.6289
-4.20872	-20.6306
-0.0234674	-17.7327
6.67622	-12.216
0.851166	-19.8557
8.63332	-19.0219
1.0214	-31.0563
-1.29991	-33.579
-0.948482	-37.6362
-4.21027	-32.4534
-9.54105	-30.0032
-11.3084	-29.4176
-8.79571	-29.1243
-4.28011	-26.9099
-6.05864	-26.7069
-4.32046	-26.7456
-6.89084	-20.8955
-5.66285	-23.6748
-4.79318	-23.2804
-2.02272	-17.438
-0.953622	-11.408
-2.96949	-11.3152
-0.53463	-16.977
-2.23125	-12.7016
1.97414	-18.0983
0.88101	-14.6717
3.07613	-15.4615
5.32843	-13.6761
1.6409	-17.4788
12.1292	-18.2793
3.76997	-13.6774
-2.69994	-17.1382
-9.96829	-23.6849
-5.33569	-21.0408
-1.85244	-22.0813
-5.23523	-10.7909
-6.03305	-5.33554
-8.90888	-5.96823
-5.79959	-2.76022
-1.83585	-1.5609
-12.1564	-7.05284
-7.21383	2.39012
-9.96339	0.887546
-11.9715	3.10218
-9.47494	-4.11519
-6.6657	-4.52182
-3.12985	-1.40538
-5.27093	-1.66588
-2.59235	-8.11972
-6.14324	-7.07848
-7.11707	-8.04599
-4.49141	-4.10912
-8.11806	-8.76961
-5.92485	-6.12593
-3.49939	-3.7662
-5.88676	-3.37939
-5.57202	-7.80378
-2.1718	-11.828
-8.81488	-10.7727
-3.01665	-6.2917
-5.68112	-8.10789
-1.5516	-2.15425
-0.386161	-3.55593
2.66974	-0.659594
2.4888	-5.24229
2.1842	-0.236213
0.0230292	-1.88903
-0.711717	-10.0368
-2.61171	-9.00941
3.51628	-12.6388
0.178374	-12.9195
-5.78865	-12.9646
0.107178	-13.9375
0.617689	-18.4679
-4.9855	-14.5003
-2.82129	-5.5779
4.83588	-15.6074
1.23717	-17.7833
-4.14827	-17.813
-3.08903	-20.0524
-4.38581	-18.2602
-0.869418	-9.70813
-3.07935	-13.2326
-0.304842	-14.4817
0.825257	-8.85875
6.13027	-8.66187
0.342247	-15.5673
5.78093	-15.8176
0.0568713	-14.2511
-3.73135	-13.9823
0.03086	-18.9831
3.66943	-21.5856
-0.0286536	-19.2846
-3.04451	-17.9339
-7.13351	-13.4789
-9.79637	-11.9048
-11.1344	-14.7495
-12.7231	-15.5426
-12.0648	-18.7009
-9.91574	-19.9533
-9.72091	-22.4732
-12.2586	-23.7137
-13.4427	-22.892
-16.3923	-18.8955
-15.8066	-15.393
-11.6554	-13.0503
-7.04991	-15.0185
-2.92109	-16.2648
-3.23292	-15.1281
-0.598172	-18.4554
0.520984	-22.0691
0.917761	-22.7782
0.800203	-21.0325
-1.39315	-20.5971
-3.02704	-17.8075
-1.49152	-15.1346
-0.208245	-14.2442
0.487512	-15.2682
0.315232	-13.9618
-2.07033	-11.696
-2.58144	-15.1267
7.55852	-17.1776
7.87333	-19.8844
6.09168	-20.7263
4.54833	-20.1814
3.79088	-18.9914
2.68753	-19.4249
-5.34084	-19.5694
-8.38709	-21.1025
-5.63615	-24.5328
-2.35951	-22.7477
1.21406	-20.1395
5.89339	-18.8972
-1.1321	-16.908
-8.85839	-8.57821
-6.00157	-7.27426
-10.6156	-5.4941
-4.69068	-12.24
-7.01889	-11.5771
-3.45511	-16.3204
-4.91922	-14.517
-3.17755	-15.2401
-4.49785	-17.1423
-2.10017	-19.8301
-1.84919	-20.0674
-1.11947	-21.9642
1.47291	-23.6193
2.43998	-26.5681
1.43005	-27.7523
-0.170618	-26.0246
-1.61914	-26.5103
0.68664	-26.427
-1.716	-24.9116
-1.58199	-21.9629
-3.82768	-22.9215
-1.79811	-19.8716
-1.22186	-25.6372
-1.46847	-22.3626
-5.59837	-20.5676
-7.33264	-19.526
-11.6022	-15.9218
-11.5241	-15.7905
-9.19835	-17.1489
-7.95931	-13.3481
-10.9607	-11.0555
-4.22642	-9.95769
-1.79897	-9.09396
-0.238793	-8.56342
2.85333	-3.72291
4.98248	-2.8235
10.3174	8.74083
10.886	0.504737
3.54851	-0.611928
8.98267	4.20492
5.93526	-3.91605
-2.02915	-11.1893
1.06165	-11.9237
0.0385725	-7.28217
7.12234	-10.2347
-3.30132	-13.4431
-0.519412	-3.19032
3.5355	-2.41993
-5.39969	-6.65152
-3.3116	-9.29032
5.22184	-9.9612
1.50154	-10.77
2.40618	-1.32561
4.99102	-3.67817
4.23674	-6.90355
-1.3537	-4.36351
2.41926	-0.0466415
2.05135	-8.69677
-2.13298	-3.99542
3.0998	0.415392
3.9345	-3.40577
-3.38179	-17.2947
3.24724	-8.02244
5.99579	-8.81502
-1.64458	-14.9995
1.15294	-10.0321
1.32763	-16.8127
-1.29227	-15.0008
3.38509	-18.0519
-3.45192	-13.0903
-0.630007	-13.9015
-3.18389	-12.8841
-15.038	-8.06371
-13.5237	-11.0933
-1.58883	-11.3624
-11.3977	-5.57867
-11.9852	-11.7544
-7.915	-15.8288
-8.04775	-15.6729
-10.8566	-17.9869
-8.43318	-20.8855
-10.3012	-23.5771
-8.36293	-27.9014
-11.3718	-29.475
-13.2703	-29.3189
-7.05643	-29.0237
-5.42236	-28.1452
-4.38825	-25.7292
-3.02982	-18.4247
6.50242	-20.769
6.99057	-24.2543
7.5356	-22.0156
11.5673	-22.0721
7.24606	-12.8109
-0.400692	-5.98712
-10.2314	-0.811932
-15.1874	-8.26327
-20.3818	-2.38286
-13.8424	2.5774
-8.64787	0.647241
-16.0066	-7.94045
-14.3624	-3.78122
-15.886	-8.0964
-15.4768	-7.22848
-3.68782	-10.3749
-1.81291	-6.78086
-2.61894	-10.5567
-2.69516	-14.7833
-6.75714	-12.0297
-11.9434	-12.098
-12.0607	-13.5477
-14.0744	-18.0635
-16.3291	-18.4689
-14.5855	-19.8542
-13.875	-25.2096
-16.1738	-25.0359
-14.0646	-24.3096
-13.1939	-19.8983
-11.1313	-17.4576
-9.33324	-17.3693
-3.78934	-21.8283
4.74962	-27.9743
6.77278	-30.2086
5.1913	-31.8211
7.68687	-34.91
7.09226	-34.6477
7.10107	-35.7664
3.93666	-34.4235
5.67033	-34.2052
6.65945	-35.9591
3.78178	-31.386
6.19476	-32.5208
6.01111	-30.3279
6.65839	-30.6198
4.74183	-29.1301
-0.3712	-26.3748
-4.17156	-26.3663
-10.0786	-21.2219
-12.9516	-17.419
-13.1631	-15.8985
-14.9204	-16.3109
-19.0532	-15.9105
-19.9366	-17.7268
-20.4742	-18.6533
-20.5784	-19.6998
-20.5046	-19.2198
-17.5938	-18.2219
-16.1784	-16.1162
-11.6838	-15.4172
-5.21085	-10.3862
-3.52962	-12.1951
-10.3849	-14.2148
-12.9402	-19.5702
-14.7477	-12.1838
-7.04436	-13.2876
-12.5906	-13.7662
-12.3054	-14.9464
-15.7346	-7.62171
-12.7164	4.26554
-15.6544	-4.39262
-13.4889	-11.169
-13.4177	-18.0515
-11.6282	-6.86112
-13.7803	-5.66509
-5.26438	-5.44278
-6.97384	-11.271
-7.16229	-9.43969
-4.20707	-7.87053
-6.13691	-4.30957
-9.82014	-4.0218
-4.23206	-2.03791
-6.57966	-3.11581
-1.75583	-7.62548
-9.02557	-5.92056
-14.4963	-7.85914
-12.4071	-7.94975
-11.6542	-7.54386
-3.71545	-9.74475
-7.19349	-9.87124
-8.25879	-9.62232
-8.67194	-10.3575
-10.8892	-10.785
-11.7758	-9.29807
-12.2459	-10.5249
-9.60781	-12.2871
-7.69137	-12.6736
-5.43969	-13.3243
-8.68399	-4.1395
-6.1412	-3.71233
-3.15701	5.78823
-12.6987	5.7363
-10.9621	-1.00945
-19.3205	-5.45241
-7.89359	-13.2543
-7.23499	2.91194
-10.5574	-6.94192
-10.014	-10.6835
-9.80499	-12.2808
-10.7805	-7.54547
-11.5656	-8.44519
-7.57202	-7.585
-8.71565	-2.05577
-10.2418	-10.6104
-17.1736	-21.9409
-11.5482	-10.0709
-8.86602	-17.4223
-7.06627	-19.2805
-7.42187	-18.3579
-7.795	-18.1574
-10.4156	-14.8774
-13.0225	-12.4741
-13.7339	-13.3421
-12.7375	-13.4464
-10.5083	-18.6489
-11.2455	-16.632
-9.96553	-13.3335
-10.3799	-8.49855
-1.02585	-15.348
-4.41606	-18.9142
-2.43097	-3.22572
-1.59754	-9.9685
-7.75012	-10.078
-4.93815	-6.6796
-11.9194	-14.606
-9.83367	-15.9814
-11.3111	-20.9449
-5.80362	-7.32448
-4.18617	-11.2411
-10.3356	-17.6563
-3.93925	-10.7931
-17.0859	-24.8695
-14.1604	-16.0132
-18.6986	-24.38
-24.4127	-20.0529
-27.5825	-24.0509
-21.1362	-24.1977
-19.5571	-26.2805
-14.6756	-26.1066
-13.7004	-22.5916
-7.71328	-20.3245
0.468028	-14.2467
2.85265	-15.7073
2.35968	-18.254
1.80642	-14.1531
4.083	-14.2808
-1.69952	-18.0404
-0.571792	-12.0008
-2.0272	-12.1603
-10.191	-16.0667
-7.06606	-14.6351
-0.203668	-8.42532
-6.28671	-10.7892
-0.751121	-14.1359
-14.9043	-18.7401
-17.2643	-10.2799
-21.2881	-4.86706
-17.9178	-3.26824
-12.5937	-9.13458
-9.47884	-13.9937
-9.00401	-15.8592
-6.38346	-15.0289
-1.53746	-11.352
1.60292	-9.01003
4.64262	-2.29872
0.590363	-3.92577
2.38413	-6.65616
2.27167	-4.73982
3.58465	-4.93936
2.88544	-9.63126
-2.83427	-7.0136
2.0454	-10.4683
-6.17093	-3.20272
5.30401	-7.67083
-7.13018	-19.7522
-6.59503	-22.0551
-7.34361	-23.7539
-7.84938	-23.0231
-8.09981	-22.8254
-7.95164	-21.1598
-7.283	-20.0009
-8.72132	-15.5649
-10.5403	-4.60023
-1.71714	-4.54418
-2.82963	-9.60328
-2.0414	-4.61747
2.4536	-7.84397
-1.11815	-11.2801
-0.473018	-17.4538
-0.227637	-18.4395
-0.96198	-19.245
0.568902	-19.4326
-1.7731	-21.8035
1.87751	-18.9785
0.753508	-18.9255
0.270298	-20.2611
-15.0728	-26.3461
-19.9866	-25.8565
-19.8462	-27.0537
-21.6712	-28.2724
-21.9842	-29.8156
-18.5466	-30.8376
-20.3992	-31.835
-15.0067	-27.799
-14.5985	-27.2284
-16.4735	-25.5737
-7.2091	-16.3626
-9.48896	-19.9335
-9.23338	-15.8787
-12.2001	-16.8827
-8.9251	-12.8439
-7.24246	-15.5135
-25.8759	-11.8987
-30.1513	-16.8252
-24.0342	-16.0928
-13.2772	-28.1002
-17.8881	-32.8957
-17.7792	-34.5518
-12.8918	-33.9728
-9.35167	-33.9748
-7.7582	-31.725
1.74266	-21.0597
5.80592	-18.9793
3.14291	-19.9127
1.7313	-15.8378
-1.21795	-17.1487
0.718806	-14.9205
2.90875	-10.5588
-0.0435312	-12.8251
-0.935255	-11.8927
-4.30901	-13.133
-8.03886	-18.1093
-2.42776	-9.76175
-7.0513	-14.6631
-3.91689	-18.3751
-6.528	-19.9032
-8.91115	-15.9206
-7.26682	-19.2503
-4.79975	-19.8594
-6.95434	-16.9697
-4.65894	-17.9116
-5.14703	-18.0824
-6.05455	-18.7085
-4.74465	-25.3676
-3.95786	-22.7109
-7.98065	-21.0626
-3.97895	-26.7064
2.25246	-17.81
-0.444151	-15.2446
-5.65593	-12.8287
-13.2163	-9.24008
-12.592	-11.1176
-5.62788	-12.0005
-2.00955	-16.0056
-3.65874	-14.9128
-5.72491	-8.97453
-4.03529	-6.07135
-4.39718	-7.55822
-3.01293	-5.5428
-7.7568	-3.83363
-8.20858	0.973928
-16.6801	-1.39489
-12.0424	7.82372
-10.5347	5.55384
-12.8407	2.29181
-11.2339	0.127378
-11.8842	3.21197
-14.2148	0.520775
-10.0437	4.72371
-9.83678	5.9889
-5.22828	6.82591
-0.700231	9.16218
-1.35276	1.1445
-0.612143	2.71555
0.693082	2.58848
0.231601	-7.65854
-3.17238	-1.59959
1.76997	5.92521
-3.29813	-3.4226
-2.81922	-0.61309
-2.39553	-1.14399
-4.75859	-3.19603
-13.3196	-5.45007
-5.01755	0.817865
-12.2255	-4.36117
-3.57601	-16.4979
-4.28497	-6.44587
-1.66613	-5.14871
5.46536	-5.016
3.66481	-5.36081
3.68622	-10.4951
2.46392	-10.0356
2.16762	-7.68732
-0.312553	-9.9835
0.0240504	-6.39659
-3.28874	-7.98301
1.50645	-9.09632
-1.9404	-3.93985
-4.81553	-5.06156
5.93342	-8.94309
3.11248	-2.3476
-1.26307	-7.80493
-5.12823	-3.91041
-6.46689	-13.3274
-7.85638	-14.3877
-1.7651	-11.3089
-2.91661	-19.2206
-5.50045	-14.2966
-8.37058	-26.9099
-7.32884	-9.31293
-1.31686	-15.5889
-9.9113	-15.9216
-7.92024	-17.6931
-3.76064	-18.234
-2.8141	-10.8226
0.177051	-11.9297
-1.67499	-11.3774
-0.845196	-9.32412
0.41056	-17.653
11.0789	-10.328
6.08209	-8.14939
-1.3869	-7.89578
-2.45425	-14.1103
-5.72327	-10.9025
-5.70866	-13.5683
-2.85526	-20.1385
0.42178	-18.2073
-2.49419	-16.8371
0.955696	-9.44413
2.30648	-13.3833
2.89932	-14.0944
-1.80095	-13.398
1.73095	-7.22372
4.2916	-10.823
-2.56022	-11.981
-6.79248	-4.24027
-1.95574	-12.2785
-2.31714	-12.0577
2.5814	-3.84647
-1.50286	-9.57535
-3.19904	-7.97916
-3.35113	-7.61709
-1.57153	-10.9462
3.23161	-3.27539
-6.6939	-20.0254
-12.3023	-16.4082
-7.35606	-20.151
-8.70947	-25.7968
-8.36717	-27.3821
-9.66814	-27.3883
-9.15372	-23.914
-8.03821	-22.6913
-7.93832	-19.7993
-13.5199	-15.8987
-18.2238	-16.7367
-20.0569	-24.1571
-18.0753	-30.0011
-16.531	-35.3376
-13.756	-30.9877
-16.6712	-32.1943
-21.6493	-29.6451
-20.7011	-25.7252
-21.8091	-21.57
-21.6822	-18.2155
-18.3495	-17.2304
-14.8267	-15.0405
-7.03374	-19.6826
-3.93633	-19.4903
-1.83165	-13.8856
-2.03162	-16.2935
-0.846807	-16.7682
-4.23697	-18.0757
-4.99702	-17.5933
-6.58909	-17.7651
-8.25439	-16.8542
-18.0573	-21.4297
-26.6519	-23.9681
-29.7362	-21.2952
-28.426	-19.6993
-28.6893	-16.673
-28.1258	-14.4349
-27.5753	-11.9872
-22.272	-6.54143
-16.108	-14.9392
-14.6111	-15.5549
-15.2872	-18.212
-15.2086	-22.0467
-8.72036	-7.87963
-8.19814	-10.6946
-7.88999	-7.58554
-5.57784	-14.3935
-6.8048	-23.7878
-14.1533	-22.8524
-15.845	-22.0408
-6.37699	-25.1122
-6.69832	-21.6352
-6.77117	-18.7686
-10.3079	-14.237
-4.06324	-16.3265
-6.8681	-13.6674
-3.63837	-16.3498
-5.09447	-11.5343
-5.27165	-21.7555
-2.24385	-19.7109
-4.14368	-21.6539
-5.73513	-22.1338
-2.77765	-33.4265
-1.78077	-34.187
0.869984	-37.6665
-1.79162	-35.5429
-3.72179	-31.8017
-6.12061	-31.3782
-7.441	-29.2932
-7.1341	-28.4805
-7.81227	-25.0934
-8.74811	-22.4493
-7.7971	-20.7763
-1.58614	-20.5221
-2.03776	-21.5955
-1.16369	-23.259
-0.558913	-24.6602
-1.76651	-23.0195
0.395181	-22.414
-1.66577	-24.2953
-9.85909	-17.8097
-5.67316	-19.9217
-11.677	-16.5266
0.414373	-17.6287
5.38615	-16.206
-0.251144	-20.3469
0.341571	-22.2494
0.605801	-24.0066
-2.44349	-20.9483
4.44098	-24.4387
-3.6046	-20.1245
-0.875703	-19.429
-2.94914	-17.824
-3.2673	-15.1562
2.54336	-15.4243
5.42197	-14.296
-1.34074	-14.2395
-0.585885	-13.4047
-0.511108	-14.1453
-1.92206	-14.6206
-6.0446	-19.7952
1.75129	-13.4854
-1.73012	-14.4925
-0.22291	-16.5785
2.33738	-27.122
-3.86019	-21.4277
-1.39269	-25.1957
0.58838	-21.4559
-8.24951	-15.5469
-4.17313	-5.68367
-2.1104	-15.0046
1.03095	-8.72225
-2.61584	-13.9122
-1.41234	-10.2606
0.613792	-20.9278
-11.2025	-23.4627
-13.5645	-25.363
-13.8576	-28.7451
-15.1333	-28.7869
-8.90968	-25.7053
-13.9769	-28.0077
-15.2504	-25.0423
-12.5792	-30.5427
-11.3912	-25.3422
-10.6321	-17.7269
-5.24799	-17.2435
2.51374	-20.8914
3.08995	-24.0036
3.66448	-23.7272
5.19585	-25.0632
5.91503	-18.8682
1.47124	-22.1914
-0.815956	-21.6933
-3.70149	-21.5949
-4.95172	-24.6519
-4.68393	-25.2151
-3.09568	-25.0178
-2.25662	-25.4279
0.627403	-28.2856
1.10262	-31.0412
-0.444839	-33.5201
-0.543511	-35.7492
-3.08547	-33.7312
-4.76907	-32.2369
-5.72236	-33.5681
-5.83612	-31.8598
-4.67635	-30.0261
-4.45151	-24.5742
-1.02182	-22.8542
6.99702	-24.9705
2.95408	-25.3373
2.53083	-28.4446
1.24847	-28.2186
0.287148	-28.4528
-0.183901	-30.1714
0.965218	-30.597
1.25382	-26.9907
-1.75575	-26.9348
2.60089	-30.0514
-0.365442	-26.2219
-16.8137	-32.8586
-19.468	-28.8551
-21.1553	-23.0595
-18.6133	-21.9522
-19.3643	-19.3995
-17.7754	-18.3186
-15.8766	-18.5797
-13.4963	-18.2487
-11.3787	-16.8267
-13.6131	-15.8116
-12.7109	-16.5418
-11.7785	-18.6027
-11.2508	-18.7117
-9.96582	-19.9565
-9.06407	-20.8934
-9.20945	-23.5468
-7.75679	-25.8929
-5.75438	-26.0047
-3.87168	-26.3861
-2.94386	-28.5445
-2.0815	-29.4662
-1.06171	-27.714
-0.495256	-27.647
0.0662336	-30.5697
-1.07812	-30.704
-1.6056	-31.7556
-2.54674	-32.6198
-3.56241	-36.5723
-5.42692	-36.9597
-3.17038	-37.6349
-2.29069	-38.0829
0.703297	-35.0731
1.3073	-31.8227
3.82318	-32.9051
1.2897	-32.5009
2.03282	-33.6315
2.11983	-34.8783
2.73359	-34.0302
3.16666	-32.2033
2.70698	-29.6177
4.61197	-28.2849
4.25068	-28.1852
4.14622	-29.4394
1.56343	-30.004
-1.14787	-33.2983
-6.33073	-32.3229
-8.53961	-31.7462
-8.06916	-30.4942
-7.59523	-29.3708
-4.2271	-31.7087
-6.11129	-30.4737
-6.25706	-28.7672
-3.18301	-26.7345
-2.60663	-22.917
-7.79014	-14.1292
-6.70398	-11.922
-9.38885	-14.9005
-6.68672	-29.2029
-5.8802	-32.407
-1.65165	-29.4798
3.07423	-22.1064
-2.86726	-21.9941
-7.57335	-11.9204
-8.02238	-12.9626
-10.5271	-14.9227
-9.12951	-16.0434
-11.5671	-20.1053
3.88972	-17.7545
3.70445	-17.6681
1.48488	-18.2423
3.8269	-19.005
2.98003	-18.3667
-1.4197	-21.7737
-8.20238	-13.2676
-4.4845	-17.7296
-5.07731	-24.7803
-5.4424	-27.269
-6.49027	-30.2409
-5.87702	-29.1372
0.19432	-31.623
12.943	-23.7895
7.24637	-20.9981
5.46094	-16.0909
0.226024	-14.4321
4.05602	-12.6004
1.90339	-10.7419
-5.55159	-15.2056
-3.07727	-27.0216
-3.43741	-27.4373
-5.34181	-25.7361
-5.14064	-22.6544
-6.06674	-23.5013
-6.62376	-21.602
4.74893	-12.1985
4.05873	-24.7973
2.55818	-18.5012
-13.4711	-16.1997
-10.2627	-11.1576
-11.7821	-12.4032
-15.5908	-10.6771
-5.44962	-14.3466
-19.1872	-15.9818
-15.7707	-14.2137
-9.08548	-15.0962
1.05404	-12.9142
-4.27568	-9.55077
-6.11759	-12.4833
-5.57736	-17.6812
-7.77614	-17.8211
-10.2616	-20.9892
-13.6432	-22.0271
-13.0695	-17.257
-6.95844	-14.2723
-0.470157	-16.1236
0.998135	-9.86506
3.14279	-9.68765
-13.9868	-8.68614
-13.7954	-21.8623
-15.1176	-17.2109
-11.0836	-19.3585
-9.99695	-20.4923
-2.99702	-22.5299
-2.58527	-20.1831
4.32604	-18.965
8.96131	-16.0275
5.70407	-21.1311
1.14917	-24.9101
-1.01486	-29.8167
-1.69879	-32.7906
-2.61423	-29.8065
-5.02098	-29.8946
-8.60066	-24.5597
-9.07462	-26.6034
-7.27695	-29.0646
-8.95841	-28.8493
-5.28411	-27.9687
-6.14968	-25.9676
-6.55423	-22.7697
-12.4895	-17.8685
-15.687	-12.9321
-17.9913	-12.3378
-15.6193	-12.159
-16.7209	-12.194
-15.3824	-12.3232
-16.3005	-14.3629
-12.5325	-14.8651
-10.4506	-18.2231
7.57232	-13.297
9.54828	-19.6518
-5.21164	-20.2852
-5.2071	-12.622
-6.53912	-4.5573
1.67675	0.806792
-7.49619	-9.25907
-5.40168	1.80098
0.28329	-2.05908
3.05964	-8.11942
-3.18427	-3.37447
0.0902433	-7.03189
2.57479	-4.79883
-0.538087	-12.5383
0.703727	-8.95104
-2.4715	-10.9536
-4.10271	-14.3496
-2.54326	-5.98404
1.13046	-3.83698
-1.19975	-9.89258
-0.894935	-7.52431
-7.81577	-10.1703
0.0928062	-11.4467
-5.42648	-11.4676
-4.45665	-4.13354
-0.0197135	-0.113597
-2.17797	-5.26386
-4.77779	-12.3201
2.9026	-0.229542
3.08774	-8.53472
-0.397103	-2.87831
-1.3937	-10.2393
-2.80101	-5.07593
1.87972	-0.475993
3.24711	-4.84786
2.41994	1.25692
3.95298	-1.65392
2.87616	-8.74373
5.47973	-8.6043
4.24598	-6.29028
-0.241221	-6.30318
-4.39685	-11.9508
-2.07909	-8.1829
3.15524	-12.8023
-6.81393	-8.23669
2.7214	-12.1789
5.7198	-7.4574
2.74191	-19.3516
3.55386	-16.2449
5.88429	-9.82105
7.6708	-12.6791
2.56397	-12.3852
0.0684885	-15.5906
1.70307	-16.8187
2.90176	-18.571
5.07747	-22.8914
5.23696	-21.7227
7.04104	-23.0801
5.26991	-20.8242
6.28249	-22.4194
6.7921	-22.6302
6.48222	-22.8424
-1.15415	-19.4483
-4.97453	-15.1639
-7.80692	-12.132
-9.52438	-12.0418
-10.9149	-10.9243
-10.3714	-11.6265
-12.7092	-11.2779
-12.4477	-12.8244
-12.3512	-12.9521
-12.1772	-15.2066
-12.6261	-17.0143
-11.6889	-16.2143
-12.4884	-17.5443
-13.483	-19.1784
-13.563	-17.8709
-11.2847	-17.2598
-8.71504	-15.7632
-0.46474	-11.6327
-9.68951	-11.8205
-7.76802	-12.8345
-6.76026	-12.8687
-6.19559	-21.595
-8.96299	-12.2107
-9.11073	-12.2589
-7.13748	-10.7272
-12.1679	-14.5567
-10.359	-16.3992
-1.02081	-24.1173
-1.41479	-34.4153
-1.06762	-35.7028
-2.70463	-37.185
-3.14589	-33.0197
-0.656746	-30.0338
-2.53945	-24.1213
-0.992683	-18.9462
-0.260667	-21.1749
0.779037	-18.5321
-2.1649	-15.1813
-3.99495	-16.5819
-6.93234	-16.4569
-4.21505	-28.7189
-5.20073	-28.3476
-6.78089	-24.1942
-9.8892	-14.976
-14.5205	-7.09461
-13.338	-12.2349
3.41071	-17.2152
3.72508	-22.5272
3.36492	-21.3888
-7.18882	-13.8379
-21.733	-16.9017
-11.6221	-24.3942
-20.5072	-24.5493
-18.7415	-22.379
-14.8707	-22.5338
-6.58645	-23.2117
2.47731	-19.6143
6.79752	-17.8904
5.89862	-19.1982
5.68743	-18.3189
6.8745	-15.7489
6.67743	-14.3499
3.27934	-16.8158
2.56041	-16.697
7.09307	-12.3695
2.88484	-13.4479
7.5864	-14.2187
-1.04743	-14.1476
-0.481003	-8.54098
-11.5869	-20.7265
-11.0189	-18.3409
-3.83225	-17.024
-10.7207	-14.6699
-12.8489	-15.5157
-11.3341	-16.0368
-9.9579	-14.6184
-5.55381	-15.0993
-3.05188	-15.1312
-3.81807	-18.8794
-1.18539	-16.4085
4.10547	-11.9445
3.37245	-11.6789
-3.56247	-9.16592
-5.91038	-11.039
-5.12472	-7.44751
-3.36778	-10.2926
-2.74982	-6.10016
-10.0009	-11.1061
-3.3399	-10.619
-4.23148	-4.39191
-7.45624	-12.0989
-7.63567	-11.5147
-5.64484	-13.5617
-1.7926	-16.653
-1.72591	-22.3977
-10.5377	-18.451
-11.5522	-16.4138
-10.8293	-13.1806
-8.99475	-13.3005
-9.43368	-12.564
-8.85773	-10.239
-0.518142	-17.0787
6.77921	-19.9824
6.68247	-20.1615
7.32239	-19.0069
3.2567	-19.5254
4.99232	-18.989
4.68619	-18.3053
3.37028	-19.2155
2.37964	-22.2305
3.30142	-21.0282
7.25739	-20.2308
5.20991	-20.1276
6.24822	-18.875
6.0475	-20.5927
7.37702	-17.7156
6.13467	-18.4052
-1.89169	-24.6424
-7.65215	-21.5211
-10.2499	-19.3974
-14.4217	-14.6053
-14.8627	-14.5151
-14.4335	-12.2997
-13.8342	-13.691
-12.0676	-11.5829
-14.9022	-12.2578
-13.7979	-14.2622
-9.49133	-13.1693
-7.61319	-15.1181
-3.7085	-10.1666
6.00687	-10.3757
6.01678	-1.55906
0.252298	-11.6396
1.2673	-16.0761
5.43545	-15.3675
4.26071	-13.7823
-3.35723	-13.5882
-4.72622	-6.12718
-9.53724	-15.2541
-3.31059	-11.8242
-0.0680631	-14.7628
-2.41017	-16.07
-5.06021	-13.5834
-0.21672	-9.79184
-1.16165	-7.97134
-3.80036	-6.8845
-7.70081	-11.8365
-3.20507	-12.0937
-2.16293	-10.0048
0.846628	-14.0158
4.06056	-12.6954
-1.86013	-10.1133
3.9813	-14.8283
-0.691624	-14.8418
9.28333	-9.19159
-0.95828	-18.3994
3.7521	-12.4591
5.34518	-8.08875
9.12881	-12.2098
3.28217	-14.0181
6.87429	-15.8322
4.33199	-12.6735
7.56078	-12.1743
4.65471	-9.50446
4.03463	-8.90005
11.6606	-9.23589
5.03092	-12.6947
2.00765	-12.1392
9.19017	-0.873586
-0.750987	-9.81064
-11.301	-17.1056
-10.16	-17.105
-1.20249	-23.5287
2.31164	-36.2356
2.6973	-33.8948
1.72181	-34.5879
-0.872633	-30.2063
-3.27046	-23.8486
-7.97787	-18.6502
-10.5753	-16.4276
-15.3979	-15.6479
-11.3416	-18.9003
-14.1637	-21.1497
-16.2012	-19.2449
-20.4406	-18.941
-21.369	-17.415
-18.6906	-12.8254
-15.22	-17.119
-11.536	-16.2837
-12.6511	-18.1746
-15.3436	-16.3415
-9.88648	-16.0162
-2.52542	-12.2684
0.345795	-11.505
-0.563792	-13.6318
-4.21165	-10.7875
-8.79566	-7.78746
-18.8916	-12.3354
-7.30005	-21.9749
-4.64977	-10.9693
-2.15363	-11.5844
-0.468698	-13.7601
-4.95919	-16.3634
-7.29571	-14.1864
-6.99649	-13.6628
-7.4148	-16.8384
-5.88709	-18.2015
-3.54435	-22.5996
-2.4189	-25.034
4.51252	-23.8163
2.99798	-19.5338
1.71707	-21.2187
-0.339164	-19.3864
-1.62746	-19.4783
-5.57379	-21.6963
-7.1293	-24.3004
-4.9446	-27.1248
-3.14198	-29.8397
-0.733785	-28.0237
-0.280605	-26.2494
-6.78964	-20.9461
-7.18351	-22.2685
-5.46482	-23.7318
-9.44433	-21.628
-7.18395	-20.2456
-2.92637	-19.6289
-4.59277	-8.17167
4.08231	-8.26212
3.60834	-13.9098
3.63551	-10.6917
1.67336	-8.07458
4.80187	-8.40757
4.61551	-5.78595
3.03225	-10.214
1.84546	-11.8228
0.97107	-12.1067
5.94562	-1.44812
5.39056	-6.89188
-2.08874	-10.9558
4.71458	-12.1481
3.25027	-13.8408
4.46927	-14.9931
5.05919	-15.9897
4.87232	-18.0261
5.64363	-18.5735
6.15089	-19.1167
7.51902	-20.5909
0.527345	-19.8313
-1.88298	-18.2983
-4.02043	-25.1036
-3.22144	-25.8699
-1.56457	-28.213
-0.811991	-28.0693
-0.503083	-26.1891
4.34789	-20.8535
2.55093	-17.4262
2.18786	-13.4616
1.81179	-10.054
3.21746	-8.65962
3.09056	-12.1414
-2.06017	-14.288
-0.373557	-13.5039
3.16372	-14.7838
-0.0610305	-13.5104
3.47248	-15.3893
0.423626	-12.0383
-1.71316	-13.6345
-1.57302	-10.7137
-1.2735	-12.1203
-4.92259	-12.1
-6.92544	-5.52542
-15.2719	-5.62841
-14.0003	-4.54087
-17.3061	-5.75386
-16.8467	-7.20743
-10.341	-15.3727
-11.5714	-18.0014
-11.3473	-15.9542
-13.9452	-13.4396
-14.7542	-10.9727
-12.8147	-14.1298
-14.8035	-14.1165
-14.0783	-12.9028
-14.8344	-13.6143
-7.85331	-15.4887
-10.3184	-16.2788
-7.77713	-18.8825
-8.79321	-23.6591
-12.2278	-15.2946
-10.8302	-14.9208
-8.2049	-8.4998
-5.12687	-7.54651
-5.39127	-8.00229
-5.7244	-8.16941
-6.00102	-10.3455
-3.66662	-15.4278
4.06729	-22.8268
2.99329	-21.994
2.68688	-20.405
4.79628	-18.2535
0.947855	-22.2081
-4.40553	-9.95802
-3.33475	-3.9803
-4.61384	7.83992
-10.5356	3.53658
-18.6248	-13.3252
-13.8434	-2.67792
-10.2402	1.34988
-10.7246	0.630252
-9.815	-5.2089
-9.93026	0.24971
-11.0464	6.34477
-9.97741	-6.69453
-10.5057	-5.11861
-4.98853	-5.16955
-5.64324	-10.2085
-7.18657	-1.9657
-11.8895	-12.9684
-13.7536	-17.4424
-14.1147	-17.0283
-14.1411	-18.3896
-13.0598	-14.9029
-13.5946	-9.13485
-1.57112	-17.0977
-13.9805	-4.58421
-14.8694	6.09431
-2.47081	-3.36088
0.0945151	-17.1693
1.60662	-19.9416
2.15634	-21.5032
2.16559	-20.5039
4.74412	-19.8534
2.64476	-20.2076
3.10496	-20.5508
2.48456	-20.3688
-9.33934	-22.3347
-6.56335	-17.9823
-3.47945	-19.2092
-0.654118	-20.8927
0.455543	-14.6058
-1.21545	-8.66622
4.43681	-9.54775
-1.9304	-6.60026
-0.62269	-5.4669
-3.96041	-12.2688
-4.46876	-11.1528
-0.695764	-6.38014
-6.15114	-4.65361
-6.77546	-9.26057
-4.28125	-7.95897
2.437	-2.48147
-2.8304	-1.38512
-3.19924	-6.11088
-3.50331	-8.97106
-9.47338	-14.3521
-18.7549	-8.45512
-11.6441	-13.8087
-8.19398	-16.1544
-9.86541	-8.53358
-6.94104	-9.63022
-10.1924	-5.75822
-9.32597	-7.31423
-9.55267	-7.27776
-11.2991	-6.39604
-7.1661	-7.33292
-9.09147	-9.40827
-2.78842	-13.508
-2.70949	-13.8877
1.38005	-8.41524
-6.56751	-14.3034
-4.42742	-16.7144
-6.12483	-16.6391
-8.93685	-13.4599
-7.36565	-16.4672
-5.03033	-19.8469
-5.17213	-18.7148
-1.53257	-23.8899
-4.00528	-16.2538
-1.09908	-18.0805
-2.8783	-17.4484
-3.02182	-11.7491
-0.826079	-4.85058
-5.83826	-1.51107
-12.5484	1.89031
-12.4409	-7.09612
-15.993	-6.57617
-10.0931	-1.57206
-10.8481	-2.14666
-16.4717	-3.90093
-17.2641	-6.56451
-15.6536	-4.7255
-10.635	2.2564
-13.2789	1.57383
-16.4369	-2.16069
-12.1197	0.909357
-10.8259	9.96986
-13.992	5.75968
-17.764	5.99917
-14.1699	-2.34776
-12.033	3.17601
-10.4566	3.43052
-11.9959	1.54565
-12.0391	8.82077
-7.36029	1.13619
1.95984	4.47632
-5.68138	-1.01415
-4.13565	0.739998
-5.35933	-4.30422
-3.74072	1.09167
-2.73154	0.244296
-3.71447	-7.76323
-5.07367	2.49214
-4.82347	4.53704
-1.21567	-4.76342
-5.25263	-3.44794
-3.5718	-1.42914
0.915319	-5.03496
1.96454	-4.05196
-0.206505	-3.86826
-5.84846	-2.03426
-2.56654	-5.59314
-2.45804	-2.93445
-1.76259	-7.46707
2.73314	-12.0237
0.799967	-11.0512
-1.80787	-12.5574
3.55359	-6.06882
0.852846	-6.63588
2.39596	-6.53354
-4.14845	-7.19789
5.60639	-5.36822
0.75763	-11.1675
4.49463	-12.6122
1.18837	-8.52542
0.360003	-9.94987
5.55662	-7.89376
5.40423	-11.023
1.65601	-10.7291
6.42066	-11.7603
3.79051	-12.8408
8.21372	-12.7557
6.01067	-15.2435
2.85635	-11.0282
2.25587	-12.7105
2.97806	-12.8749
5.62952	-12.8614
5.97419	-21.8562
-10.0299	-26.8552
-14.0999	-27.0382
-11.829	-22.701
-16.046	-13.7236
-9.90306	-8.26978
-1.09407	-8.21477
3.03035	-12.1227
2.77874	-16.4455
1.34377	-17.6283
0.774917	-16.8044
1.827	-16.4868
1.84192	-17.8744
1.48552	-15.3159
-4.99537	-11.8045
-3.5397	-12.4155
-3.06368	-13.4059
-2.74884	-15.2143
-4.0836	-13.3626
-6.75562	-13.8288
-11.3798	-17.4743
3.14319	-16.6765
2.2942	-14.336
2.30863	-14.1701
2.61236	-15.1695
4.13747	-14.8929
2.15487	-15.4752
0.984303	-17.3105
-6.3662	-22.8764
-15.145	-28.155
-16.6943	-26.585
-19.7007	-25.2726
-20.9355	-20.1894
-20.3602	-15.9948
-20.1814	-14.1346
-19.4609	-10.693
-16.6829	-10.4819
-13.29	-9.38779
-10.4934	-11.3302
-13.4873	-6.19484
-12.6177	-6.91165
-17.0092	-6.50886
-19.7799	-11.7916
-17.6031	-14.2026
-14.1906	-15.2535
-11.4677	-19.8029
-6.33312	-23.5698
-5.06419	-22.7904
-6.42672	-15.0468
-1.41085	-19.6292
-5.28238	-19.28
0.0876622	-20.1207
-0.953863	-20.2238
3.46351	-21.7363
2.52525	-21.2075
3.35627	-25.3878
4.38504	-27.8691
2.61024	-29.4925
3.80765	-31.1231
4.06091	-30.2295
2.15776	-29.4824
1.87445	-26.8269
2.19097	-23.4386
5.56062	-27.8096
3.34177	-27.0355
4.51334	-20.9786
4.10295	-21.3041
11.667	-21.7145
-4.33189	-8.30014
-17.5883	-17.7204
-20.4267	-21.4993
-9.87818	-25.2665
-5.95289	-24.3761
-5.43468	-26.8864
-3.89442	-28.831
-2.32025	-23.757
-4.54347	-18.2521
-8.37014	-12.7501
-4.56481	-7.20272
-8.25237	-7.72979
-7.66598	-9.14686
-8.99207	-3.78505
-7.61159	-2.21256
-2.7013	-6.32361
-6.43213	-14.3064
-6.18617	-18.8892
-0.784384	-17.1595
0.135555	-20.0066
3.81002	-23.5569
-0.0394519	-29.6715
-2.82003	-31.3034
-4.76094	-29.1271
-6.63974	-27.4323
-6.93013	-27.2561
-8.78927	-25.6694
-8.43213	-21.9053
-8.16071	-18.945
-9.22496	-17.2971
-11.4658	-17.1363
-11.0459	-14.0351
-10.1497	-14.9154
-12.8605	-17.0657
-13.4829	-16.813
-13.4082	-13.2604
-13.2758	-10.9104
-14.1911	-9.98547
-15.2843	-10.4377
-13.9705	-14.303
-3.13762	-15.4491
2.87592	-12.5017
1.48561	-13.8596
0.978024	-15.0759
-0.493751	-15.1583
-0.750879	-13.4235
-3.60083	-13.2735
-5.72139	-15.549
-20.8269	-29.419
-24.072	-27.279
-27.4283	-28.7036
-26.1626	-26.4853
-24.7201	-25.3657
-21.908	-25.8056
-19.1167	-26.2197
-17.0784	-27.4198
-12.768	-30.1752
-6.3143	-26.02
-2.41419	-17.6808
-2.48102	-10.7187
-8.33656	-8.11867
-11.7145	-2.6027
-12.6282	-9.59518
-4.60761	-14.7172
0.043634	-11.4426
-5.90601	-11.4313
1.56798	-8.54261
5.02756	-17.9167
5.10153	-18.2247
2.52633	-20.3554
6.33365	-19.5263
4.00788	-22.6796
3.19718	-23.6297
-3.16267	-20.2623
-5.82723	-23.5736
-9.47464	-25.0199
-7.76243	-24.7661
-2.50515	-28.0293
-1.48703	-22.9052
-3.62251	-19.6768
-1.33623	-22.3544
0.128948	-26.2269
0.447829	-28.3343
-2.57914	-29.5121
-2.46741	-30.121
-4.19976	-31.7582
-4.47682	-30.1409
-3.31629	-30.7338
-4.62869	-27.632
-6.16684	-24.466
-7.29589	-23.1424
-2.5765	-19.8162
1.08804	-15.5705
5.39829	-14.1208
6.10762	-16.6233
2.05138	-16.6099
0.47696	-15.7594
-3.76987	-10.2014
-8.94001	-1.15117
-6.50383	-3.32612
-5.87571	-5.82517
-10.1744	-7.80119
-9.45363	-10.5007
-13.9026	-11.3034
-14.2435	-12.4162
-14.7219	-12.8842
-15.7374	-16.0441
-15.9164	-12.7839
-20.1284	-11.0319
-21.533	-8.8376
-22.5846	-9.68825
-19.2632	-10.6928
-18.2372	-12.8612
-19.4912	-10.4603
-19.5325	-11.8281
-19.8578	-11.1345
-21.5606	-10.6779
-22.5349	-8.86637
-24.2194	-10.9734
-24.9382	-10.997
-31.6016	-9.89902
-29.6454	-7.51536
-24.6519	-16.8398
-22.1252	-20.5967
-22.966	-22.3803
-23.8331	-15.828
-25.4873	-18.7897
-23.3826	-18.0688
-22.473	-15.1389
-20.5248	-16.3584
-18.2165	-14.8743
-18.785	-14.1834
-18.5155	-13.3794
-18.0839	-15.1593
-18.3985	-16.4522
-20.0948	-18.7535
-22.5418	-21.2926
-16.3565	-25.5351
-16.207	-20.9177
-17.501	-22.3151
-7.9497	-13.209
-2.04182	-8.87777
-0.148798	-12.6641
-1.53744	-6.53137
1.90165	-7.91496
-2.60982	-5.78029
-8.07872	-8.33468
-6.26938	-5.66306
-9.28358	-2.50613
-5.26335	-0.788311
-10.0895	-2.46687
-10.0252	6.9549
-9.73111	6.08845
-11.0631	-7.95187
-12.2115	-1.18527
-12.8382	1.89366
-2.25192	-2.25001
-13.0298	-2.31932
-11.4061	2.40469
-4.59817	5.07207
-11.0835	8.10341
-5.52897	4.27683
-8.9668	0.602344
-3.9361	4.74733
-7.46724	0.888052
-0.513824	7.5403
-3.27162	-0.359424
-2.80675	-6.65291
-0.0199551	-3.42856
-2.80071	-0.445743
-3.27719	4.27515
-2.7808	0.626877
2.55512	2.40466
-2.40477	-3.67284
-4.69958	0.50424
-2.43167	-7.79382
-1.72355	-5.79575
-2.10315	-5.7806
-5.70611	-13.0677
1.55575	-7.47185
-6.9436	-10.6139
10.189	-20.0011
3.83403	-14.9038
6.46517	-17.5622
6.64812	-6.96676
1.84087	-9.27087
8.05009	-17.4538
2.90479	-16.5312
2.33324	-12.9458
6.22094	-15.8673
0.264712	-13.5697
3.27098	-6.65528
6.73153	-11.2636
1.51762	-18.5752
2.36963	-17.5794
1.81892	-19.9037
2.00208	-20.4639
1.81907	-19.6308
5.04727	-18.2418
-7.62866	-19.1295
-10.4103	-17.939
-13.5372	-16.2985
-14.5628	-14.3858
-14.4174	-13.9086
-16.2554	-14.4577
-16.8556	-12.9151
-15.5756	-13.796
-13.1105	-13.3467
-6.68776	-12.9656
-2.77085	-8.71735
-2.4235	-8.27816
-5.8444	-7.88306
-3.78014	-6.08675
-8.86561	-8.91553
-13.8379	-15.3639
-10.7942	-15.9421
-3.781	-12.238
-13.0884	-5.68398
-4.72142	-10.8645
-11.7722	-20.6223
-20.9753	-22.4572
-23.2006	-21.8308
-21.0596	-18.1009
-17.7181	-17.8839
-14.5965	-23.1764
-10.5371	-24.51
-2.61	-27.4652
3.13709	-15.7984
-7.83923	-11.3472
-2.18541	-14.6973
-3.1882	-10.6058
-5.37934	-18.5496
1.02793	-14.9116
-10.5774	-5.89992
-7.47998	-7.32787
-13.2087	-9.83702
-10.7164	-12.4542
-7.99832	-16.9702
-7.01244	-19.0141
-9.03904	-12.9349
-13.5368	-4.44429
-9.31858	-4.15451
-12.0511	-0.384286
-9.7755	-3.2499
-4.33924	-8.30497
-9.82888	-8.24553
-9.81423	-12.6395
-6.37702	-2.55908
-8.24688	-2.37334
-6.07224	-9.09342
-8.63499	-8.54364
-12.4383	-14.3244
-10.36	-14.9546
-10.7528	-16.6972
-11.9934	-20.4961
-16.3399	-15.8604
-17.9166	-11.8849
-16.5068	-16.064
-16.7713	-13.9922
-16.2899	-15.613
-16.7438	-17.1094
-14.9799	-18.2471
-13.9384	-16.0336
-12.3362	-17.6523
-15.6132	-16.3049
-13.1724	-17.4451
-12.4983	-14.2852
-14.1105	-11.3085
-8.83364	-8.69661
-2.9061	-7.39616
-10.3308	-9.25597
-9.04089	-8.12202
-15.2889	-15.9629
-6.0004	-12.596
-12.3277	-10.016
-4.55859	-7.35011
-28.0934	-24.4319
-31.4544	-19.5027
-30.3871	-18.4233
-27.5231	-13.5833
-22.1045	-15.39
-11.7522	-18.189
-3.24467	-12.6804
1.72583	-16.7012
4.19927	-15.5811
5.28343	-12.7919
7.29958	-10.0635
2.85855	-12.9202
1.81133	-9.65983
-2.87646	-14.382
-1.97096	-10.8965
-12.0674	-18.5821
-10.1011	-11.1206
-10.9332	-14.9289
-8.51132	-20.3139
-16.5742	-18.4021
-17.2247	-19.691
-14.1009	-16.6966
-15.7029	-15.3351
-14.4688	-16.0239
-11.3977	-16.5058
-11.1127	-16.6813
-12.1546	-15.1714
-2.50996	-19.9622
-5.28575	-8.29185
-8.09076	-19.5881
-7.95121	-20.2722
-0.226295	-16.8066
-2.10187	-18.0805
-10.2453	-12.5687
-16.5941	-8.98136
-8.57907	-11.542
-13.9659	-13.0721
-15.5145	-16.031
-14.4461	-12.9865
-10.7932	-9.36086
-6.60582	-10.8372
-9.46477	-22.4992
-11.1065	-37.1193
-6.6747	-20.8706
-3.9845	-35.5998
-8.92117	-38.99
-5.95534	-37.9729
-11.8142	-29.822
-15.5991	-27.4748
-8.39232	-31.8462
-5.93779	-24.9685
-0.16806	-21.8996
2.34259	-14.3803
-6.16684	-20.2528
-5.36795	-14.7886
2.25327	-8.93343
0.447658	0.956515
-2.36993	3.0741
2.1226	-8.32327
-8.70234	-1.80561
-9.99842	-10.1836
-4.53914	-10.9446
-0.919715	-11.8338
-5.7157	-11.5653
-7.77653	-8.34848
-5.831	-9.46052
-3.43512	-8.55797
-6.36729	-8.4406
-3.59283	-13.5299
-2.33341	-13.7717
-4.5764	-11.0409
0.11648	-0.548258
-0.867634	-11.6573
-0.520337	-11.0989
-1.20936	-10.4412
-6.20029	-9.8328
-3.75651	-11.4659
-6.27982	-9.69991
-5.84175	-5.58903
-0.759785	-14.6214
-4.9006	-10.4944
-4.74422	-12.1257
-3.82827	-9.78364
-1.50173	-13.0011
-1.10577	-14.5095
1.71773	-16.0684
-3.30096	-7.65034
-5.67919	1.29325
-0.0577136	-8.92846
-2.84237	-5.16209
-1.21123	0.796056
-1.83615	-6.3963
1.25617	-11.8739
-0.849355	-3.02036
-2.38122	-9.49343
-1.87563	-10.2174
-6.60947	-13.1846
-6.41835	-18.831
-6.36409	-18.6839
-5.49664	-18.9015
-2.22746	-24.9139
-0.722872	-21.9033
1.67059	-24.2377
1.68633	-18.9711
-5.15886	-25.7096
-11.4012	-20.9127
-15.5414	-17.8179
-14.31	-18.516
-16.8031	-18.4917
-15.7786	-28.3574
-15.9327	-25.3746
-14.7475	-28.8447
-15.2537	-25.449
-14.3111	-21.9312
-12.4972	-20.0463
-14.6433	-9.34865
-11.196	-10.5699
-7.46881	-6.13632
-11.8868	3.32482
-15.4333	0.293123
-12.305	3.09301
-0.70461	-5.37539
-0.132309	-10.4926
-3.88102	-12.0987
-0.343028	-15.7151
-0.42137	-14.9893
3.33764	-19.291
4.14923	-18.4708
2.71976	-18.8914
0.873278	-20.8619
-9.53338	-22.4611
-10.5211	-24.5306
-8.73071	-25.1272
-8.1996	-24.4424
-7.27823	-24.0932
-5.8361	-23.4786
-1.97422	-19.4512
8.11792	-19.5924
9.58673	-20.8757
7.17692	-18.1896
7.37794	-17.9791
7.55797	-18.1558
5.29178	-15.2873
4.60801	-13.7447
-4.41524	-20.1488
-9.35719	-23.1401
-9.00525	-17.6604
-8.96587	-14.9374
-13.7279	-12.6831
-9.49131	-15.4183
-9.13345	-15.5481
-11.7254	-12.4445
-17.0547	-5.27806
-14.4303	-7.7533
-11.4723	-9.64491
-12.986	-3.89871
-5.21249	-10.4151
-8.09521	-11.5472
-3.79398	-13.9924
-8.60692	-12.8665
-2.92682	-14.9652
-2.83734	-27.5922
-11.5567	-18.7763
-15.074	-17.5006
-15.5417	-17.212
-16.1784	-17.276
-12.2803	-23.1198
-3.50397	-27.6389
-1.15765	-27.5686
-3.77493	-30.1515
-7.36928	-27.0867
-12.4579	-29.4329
-16.593	-26.1732
-23.3953	-16.929
-21.8898	-15.1047
-20.7426	-11.3099
-17.6636	-9.36921
-12.9429	-12.7879
-5.16648	-14.2702
-4.36397	-10.208
-5.76723	-12.3652
-7.98984	-19.2764
-8.03115	-17.4063
-7.73993	-16.7889
-6.57693	-21.1439
-6.18162	-22.2845
-9.52156	-19.8328
-11.0623	-19.6065
-12.4376	-23.2301
-12.1494	-16.1544
-11.9812	-16.4611
-11.8934	-14.0316
-12.0018	-14.1118
-11.2	-12.4039
-12.0645	-11.0556
-16.3155	-4.30792
-18.9182	-7.05571
-13.1065	-12.7704
-15.5896	-9.83997
-16.5676	-12.9592
-17.0704	-11.6068
-16.09	-8.95392
-15.2169	-17.735
-11.3373	-14.5222
-4.19778	-17.6516
-5.34285	-17.5217
2.2088	-10.9933
-0.932945	-2.247
-3.51139	-7.59433
-1.32866	-3.96462
-2.89777	-6.49311
-11.7935	-5.26008
-10.742	-13.2629
-7.58745	-15.2666
-5.98659	-16.969
-12.3234	-7.38169
-13.971	-10.9773
-8.90897	-10.8329
-6.8085	-9.35109
-4.66616	-8.43482
-4.00949	-8.33495
-7.5047	-7.51482
-7.97338	-11.1585
-9.91056	-8.05481
-9.75944	-6.25295
-10.8652	-11.3227
-12.7975	-5.08763
-3.62751	-8.82294
-2.72161	-13.3203
-8.32681	-5.63109
-1.9476	-14.049
-10.0883	-18.1119
-1.34471	-13.1135
-1.02063	-10.8918
-5.0812	-9.63584
1.87842	-15.8013
1.04168	-13.7009
-0.000100816	-18.1414
0.451153	-15.1406
1.42813	-11.4965
3.5928	-19.9306
-3.3836	-7.54699
2.69941	-8.38955
3.12866	-17.4024
3.3066	-25.9708
3.10966	-14.9507
5.71884	-12.4552
4.02451	-12.321
5.36031	-10.2928
6.38773	-17.6477
5.31945	-23.5674
5.32231	-17.9057
8.22753	-19.0157
8.79675	-17.9675
5.91231	-18.6259
7.79478	-17.5952
4.84249	-23.0224
5.44893	-20.2496
-5.56896	-13.6162
2.74213	-24.1826
2.72789	-33.413
-0.951842	-33.9278
-3.63763	-33.8599
-7.10927	-31.6911
-5.05935	-33.5381
-6.16613	-34.9245
-6.657	-35.2651
-4.89286	-36.6482
-5.97232	-36.1938
-4.40195	-35.3888
0.61576	-32.0913
-7.41156	-34.9355
-7.79019	-34.2965
-9.53086	-33.8634
-11.6856	-31.8631
-12.5619	-29.7343
-11.2345	-29.4195
-11.6546	-27.2079
-11.08	-23.2064
-8.5347	-18.0387
-8.60331	-15.8002
-10.15	-13.69
-7.68526	-16.2825
3.48567	-18.2536
2.81587	-16.3806
1.36463	-15.4675
3.25602	-13.392
0.227438	-14.1837
2.12569	-11.162
-15.9037	-17.8665
-20.3978	-12.4926
-18.0769	-8.39893
-17.2759	-8.17601
-19.2999	-9.71163
-19.7096	-12.922
-14.4985	-17.7415
-15.0073	-17.8869
-15.3691	-18.1423
-15.1665	-17.6366
-15.4367	-18.5082
-14.2073	-18.6466
-12.7537	-19.5451
-7.84283	-21.7843
-5.34678	-20
-8.56578	-12.919
-9.87118	-8.85476
-15.8282	-2.37652
-19.9867	1.62762
-14.9017	-3.405
-8.56324	-6.47237
-8.82047	-4.61709
-1.99131	-0.578477
-3.62923	-1.66226
-2.55414	1.33056
-10.3662	-8.51075
-10.9357	-10.1373
-16.2381	-11.8907
-19.7841	-14.729
-21.2068	-16.9029
-22.345	-21.4909
-25.2883	-18.6128
-26.9686	-21.0303
-26.5858	-21.4286
-26.0638	-22.4714
-26.2524	-20.4252
-24.7708	-20.7822
-23.5488	-20.0591
-21.707	-14.6025
-18.3111	-16.777
-15.5435	-18.3337
-13.2131	-17.8335
-15.4172	-6.95817
-20.6344	-6.33421
-18.0736	-4.01858
-18.5705	1.09888
-12.2416	-6.07032
-9.08944	-12.4302
-9.48515	-15.7337
-9.02245	-19.1592
-11.0519	-17.0997
-11.2171	-15.82
-3.27839	-9.75742
3.14647	-11.975
2.92476	-11.1925
2.49643	-6.22936
-0.057811	-10.4446
-0.545184	-10.4024
1.46819	-10.5604
-2.18159	-11.963
1.89672	-8.47668
-3.76223	-12.9417
-5.76842	-15.9135
-6.74563	-10.7628
1.04114	-9.22421
-8.84227	-16.6919
-6.57329	-12.9807
-10.4661	-18.0155
-1.44732	-2.04393
-22.7041	-23.1597
-27.9394	-26.2206
-26.9087	-25.4848
-28.7557	-29.4265
-27.8899	-24.987
-30.538	-27.008
-24.9827	-29.8666
-20.8788	-27.9117
-17.3568	-26.1115
-15.7234	-17.8994
-13.2318	-17.9189
-3.23616	-18.8159
-1.43308	-21.8101
0.328597	-24.4315
-0.449852	-24.1219
1.20066	-22.2889
0.116719	-19.1687
-1.02082	-20.1014
4.80189	-21.3374
8.70676	-15.8991
15.1303	-5.31808
6.04842	-17.0083
2.32141	-12.233
-0.972445	-13.1006
-0.612138	-8.10579
-6.57566	-16.7098
-5.2406	-11.5915
-5.91736	-12.5961
-8.92164	-12.5954
-9.10715	-15.6704
-12.8089	-18.5576
-11.0771	-18.4795
-5.40158	-14.0946
-3.84958	-13.3005
-4.1433	-10.8241
2.48764	-10.5851
-3.26591	-10.2237
-3.6218	-13.9412
-4.53247	-5.89685
1.64065	-11.3054
-2.63641	-11.3625
-3.74995	-8.26239
-2.02518	-12.8174
-2.07854	-9.94253
-1.75126	-7.70825
-7.1625	-10.9909
-5.48392	-10.8674
-0.278029	-15.4437
-6.06176	-20.1291
-5.82907	-12.1872
-5.53249	-15.3468
-5.40966	-6.48916
-3.12541	-6.96377
-4.86938	-6.47375
-8.47831	-12.7906
-2.07678	-6.83067
-4.17356	-12.1124
-0.2351	8.68508
1.46094	4.42603
-4.08215	0.887747
-2.67999	-3.2732
-1.35417	-1.5477
-3.0756	-1.1685
-2.77786	-2.80245
-0.543148	-10.7508
3.49342	-8.46959
4.6291	-8.5647
5.21554	-9.01509
4.37374	-3.13141
3.60328	-6.37418
5.39405	-7.93692
4.00851	-7.83658
1.301	-9.84697
3.25476	-8.49784
2.92217	-7.9786
-4.31094	-14.1404
-17.5663	-9.31721
-10.7615	-8.51341
-9.11949	-8.98006
-9.10025	-11.9861
-8.51052	-12.7587
-7.89835	-17.0726
-6.07138	-19.2786
-2.5213	-22.3936
-0.509851	-25.6916
1.11994	-29.3488
-1.48306	-25.4968
-2.37242	-25.0611
-7.92994	-20.9722
-10.7582	-21.0755
-11.7744	-18.9669
-12.1939	-19.6509
-13.4014	-18.341
-13.3206	-17.1943
-13.4293	-16.7272
-11.1705	-16.8073
-10.7183	-16.9098
-10.4505	-20.2983
-11.0721	-22.4516
-7.97783	-25.6417
-5.50163	-29.9908
-5.79455	-30.0893
-4.9574	-31.3203
-2.9483	-28.6646
-0.106783	-28.6996
-3.09613	-31.9777
-2.24886	-35.7727
-6.12228	-38.4701
-3.42429	-35.1514
-4.95668	-33.3792
-4.6396	-33.3462
-6.00684	-33.8664
-5.56692	-36.7103
-6.18583	-34.3072
-9.00201	-35.8386
-9.27525	-35.341
-7.78481	-31.7796
-6.81548	-32.7576
-5.50394	-32.8547
-4.4931	-28.6965
-5.95507	-24.8471
-3.63271	-22.7339
-2.90204	-17.1155
-1.2565	-19.3668
7.21275	-10.0352
0.018005	-7.7681
-5.05699	-14.18
-4.58675	-20.8471
0.421092	-14.5464
-3.66657	-16.6249
-2.48354	-16.2862
-2.30569	-19.6237
3.01626	-10.0774
-4.44153	-13.4604
-8.50843	-19.7814
-4.95136	-27.1183
-7.06796	-29.953
-7.34892	-27.4618
-6.87081	-28.8166
-7.71574	-30.3757
-5.20589	-29.6932
-0.29451	-22.2699
-5.1028	-14.4071
-4.46877	-21.1264
0.158382	-24.3318
-2.10443	-21.1114
10.6566	-15.6598
7.11322	-18.8758
7.58166	-17.8936
7.58811	-17.0177
7.51999	-16.8117
7.54236	-16.9842
7.38263	-17.943
6.69045	-19.1231
-4.43752	-15.0079
-9.01076	-11.9427
-3.5007	-17.0955
-2.7761	-19.161
-6.14986	-15.4877
-3.44772	-9.42162
-13.0903	-6.81286
-8.0131	-11.5919
-6.87553	-13.4048
-8.71388	-9.60428
-7.9013	-12.3444
-6.96907	-12.2055
-6.71136	-13.4698
-6.61827	-13.6517
-7.7369	-12.8334
-7.73946	-13.8783
-9.49446	-12.2334
-4.08102	-8.89316
-11.3207	-10.5734
-7.63779	-3.65838
-4.54141	-10.3894
-2.77837	-10.2776
-0.455483	-8.41854
-7.1673	-8.68975
0.320009	-10.5094
0.985409	-21.3783
-0.140565	-17.7366
-3.78469	-18.0583
-5.99093	-22.1048
-10.4039	-25.7889
-9.83232	-25.0449
-7.64013	-27.9226
-4.99153	-30.6092
0.533351	-31.3687
4.68228	-30.078
1.44313	-18.9745
-1.37711	-19.399
-2.11678	-22.7648
-1.77889	-19.4226
-3.08016	-12.9953
-5.94032	-9.36273
0.89798	-5.30388
2.09243	-7.76668
-4.54557	-4.86531
-3.17755	-12.0342
3.25238	-9.62177
-1.68624	-15.6067
-2.61314	-16.8948
-9.88893	-12.7509
-6.48908	-12.1476
-5.03666	-12.3412
-6.20879	-10.3875
-2.8239	-14.0949
-9.51402	-13.0491
-12.8991	-13.6264
-14.9809	-13.7203
-7.6674	-21.7859
-9.41735	-22.0429
-9.69676	-23.4376
-8.78899	-24.6172
-10.1309	-25.0967
-9.7401	-28.3986
-11.1899	-23.6779
-14.2889	-22.3692
-14.5417	-19.7514
-16.1072	-11.669
-13.553	-10.6657
-11.1195	-8.1308
-12.5727	-1.41356
-14.0889	-3.23622
-14.9567	6.17337
-7.02051	2.77425
-4.26021	4.43848
-3.52233	-1.05553
-14.6088	-3.88988
-12.4006	-5.59578
-8.76724	-2.2511
-5.48804	-3.00948
-8.53656	-9.07664
-3.65969	-9.15357
-3.45487	-5.09324
-3.71575	-17.0116
-6.3804	-22.1764
-3.95389	-17.7291
-8.08188	-20.4313
-14.2647	-13.8463
-14.1575	-18.6766
-17.3227	-12.12
-12.0418	-14.9213
-17.6652	-14.1602
-13.049	-12.2587
-14.9143	-16.9262
-15.2024	-11.8709
-12.987	-13.3517
-12.19	-20.7485
-10.9971	-24.8625
-12.0864	-22.1412
-13.3629	-21.1468
-13.5261	-20.3853
-10.6433	-27.6183
-11.9915	-21.922
-9.82968	-25.4078
-7.9304	-27.1822
-6.82163	-22.0396
-6.61326	-28.3712
-6.51938	-20.6801
-5.6927	-27.9852
-3.16726	-23.6967
1.58446	-27.0262
-6.42517	-23.6168
-0.291776	-25.3208
-5.06403	-18.7432
-0.376432	-20.3688
0.80257	-18.8833
-7.33002	-10.2277
-14.2511	-10.9325
-11.4058	-14.4043
-19.5345	-10.5081
-10.9338	-4.36579
-12.5009	-7.17444
-15.2217	-6.71669
-14.5999	-1.10837
-12.9152	-0.858801
-13.5275	2.03896
-16.061	-5.94727
-17.1872	-6.85528
-12.4921	0.866667
-19.2377	-9.37978
-9.37923	-4.46495
-8.85225	-5.15396
-8.2599	-6.4844
-5.63896	-0.668641
-6.31682	1.75084
-9.09211	5.74954
-9.03887	0.00576211
-9.23823	2.6813
-5.93868	2.0172
0.0451682	1.10783
-7.42129	-1.06373
4.447	6.84355
-7.22025	1.54442
-3.26528	-6.57156
-1.24023	-10.499
-2.23657	-4.44312
2.40398	-4.47986
-0.0567606	-4.27249
4.04395	0.106616
-5.74986	-13.7257
2.68058	-16.8721
0.679793	-13.0598
-0.800072	-13.1161
-0.241593	-6.35821
-0.442156	-6.40924
-7.36838	-9.32565
0.875596	-2.93558
3.95068	-5.64298
-4.91881	-8.01089
0.277167	-12.0873
0.982997	-6.86828
5.01005	-1.539
-2.43747	-10.9258
-2.30836	-14.1928
-4.19133	-10.993
-0.241992	-8.23768
3.60182	-5.042
0.856463	-8.30597
-0.938597	-1.58189
-1.06435	-7.82987
-0.222212	-10.4546
0.484456	-3.4281
-1.61955	-0.377573
0.0915417	-13.9122
4.73748	-1.52335
-1.36203	-5.23154
-2.2938	-11.3895
-3.02414	-0.0693828
-3.07508	9.8672
10.2845	3.36181
5.82213	-2.63645
-2.48847	-3.84638
0.995531	-4.2664
0.724389	-3.22405
3.15522	-5.35213
3.09175	-8.92971
-1.27512	-8.11739
-4.48139	-5.88975
0.805538	-6.35617
5.27176	-0.722128
0.0493284	-4.90351
-0.00195826	-5.07698
3.86784	0.904384
5.8513	0.0579105
-2.83984	-16.0311
-5.78182	-19.5252
-7.30188	-23.9305
-7.22004	-16.3532
-2.18456	-14.0532
-2.74229	-13.925
-2.41499	-15.649
-1.63067	-15.9756
-1.31921	-14.0067
0.990469	-12.5932
-6.52743	-12.4121
-10.4184	-10.867
-12.0696	-10.2581
-13.9373	-9.76064
-13.4335	-10.2632
-15.0366	-12.8698
-14.4857	-14.7539
-11.9805	-16.5072
1.89971	-11.3422
2.77753	-8.39894
-2.27572	-6.59216
-6.59841	-5.85319
-10.6059	-6.85059
-10.8994	-9.46984
-10.8787	-5.47249
-8.33502	-1.64082
-4.45074	-8.38063
-13.4267	-21.2511
-21.4839	-23.9586
-22.468	-25.6351
-19.0015	-26.2718
-18.9933	-19.5641
-16.5319	-20.4925
-12.0195	-21.0895
-8.04612	-21.0976
0.723638	-19.0812
-9.69013	-19.5599
-16.1152	-16.3535
-16.334	-12.2298
-11.6289	-15.286
-10.6866	-8.9486
-9.87322	-4.15342
-16.3768	-10.288
-11.8576	-14.1952
-8.86081	-13.7453
-11.7312	-13.5235
-13.435	-15.3083
-9.60079	-15.7832
-17.3064	-11.3983
-17.5812	-11.6291
-19.2978	-11.0803
-18.9748	-11.2399
-15.9052	-11.952
-17.2235	-12.2661
-16.246	-11.5673
-14.5758	-11.8256
-16.5721	-11.6354
-17.1027	-11.9318
-16.9684	-10.1813
-16.55	-12.2821
-15.7025	-11.3425
-15.1173	-11.3454
-14.5915	-12.2143
-13.2276	-13.0667
-10.2384	-15.8868
-5.78953	-19.4903
-2.08342	-22.08
-2.05848	-16.5706
5.77438	-20.2295
5.80144	-23.374
0.662768	-22.0258
5.27556	-23.7129
8.58127	-23.0353
5.45943	-21.6834
5.85529	-19.3606
-0.608582	-14.9325
-5.21423	-7.8383
3.42938	-12.8422
-5.99763	-16.4274
-13.5618	-18.9134
-13.9354	-18.0718
-7.13963	-21.7071
-7.25861	-20.3047
-8.84725	-18.7963
-7.80203	-17.3257
-8.46504	-14.6842
-7.50127	-17.4537
-8.97924	-16.2647
-10.3114	-14.5794
-10.5517	-14.4711
-11.7263	-14.7019
-12.3672	-14.6506
-14.1497	-14.0233
-11.2248	-16.4891
-13.7009	-14.3753
-13.3912	-15.6632
-13.3759	-12.6863
-12.909	-13.1197
-14.6194	-12.0647
-14.5964	-10.5374
-15.7344	-10.4236
-15.283	-10.5661
-14.9117	-11.4137
-17.6205	-14.0626
-15.1717	-15.6144
-12.7272	-16.7879
-13.3751	-16.7088
-17.0843	-17.3041
-17.8355	-17.1147
-18.5632	-12.5754
-16.7514	-14.2327
-13.4432	-11.8658
-9.55905	-13.666
-8.75576	-15.7614
-6.04071	-19.0693
-4.60345	-20.2141
-3.35569	-18.8979
-0.5311	-13.3969
-4.22236	-10.1404
-6.97541	-12.7296
-6.02415	-10.7845
-14.7593	-18.5139
-16.4992	-19.9355
-8.17978	-14.7153
-4.76375	-14.7393
-6.47196	-16.3341
-3.64287	-15.0221
5.02031	-9.33595
-7.65753	-20.7982
-9.91968	-18.3216
-7.37743	-20.517
-9.32633	-21.299
-8.89347	-20.9405
-9.55204	-21.5648
-11.194	-21.1136
-12.1467	-18.6841
-13.7946	-17.266
-12.5826	-16.9239
-14.4277	-18.4938
-14.188	-17.856
-13.0803	-17.1924
-13.1061	-18.5819
-12.0097	-16.0595
-2.66899	-9.08072
-3.3687	-15.3245
1.94889	-15.4782
0.979971	-17.2477
-5.90449	-12.9701
-2.54189	-9.95443
-4.44488	-17.4203
-7.17179	-19.4302
-7.09867	-22.3605
-8.24091	-24.5645
-7.52912	-25.7602
-7.9317	-26.0173
-7.10441	-24.7893
-6.70954	-23.724
-6.59322	-23.1466
-4.54665	-24.4201
-4.92487	-27.2338
-5.35167	-26.935
-6.66114	-26.9348
-8.12781	-25.1957
-7.43749	-23.336
-7.00681	-21.3554
-4.55201	-23.5554
-9.43713	-24.6307
-5.61592	-27.2255
-6.79316	-24.3788
-6.45191	-25.69
-6.22332	-21.7506
-6.5379	-19.665
-6.19869	-17.2487
-7.21586	-14.4495
-5.30101	-14.2536
-4.53123	-6.85831
-9.56598	-12.8689
-9.85564	-15.9419
-14.5469	-12.0634
-12.9268	-17.7217
-16.5719	-14.7112
-15.2974	-16.9528
-12.8461	-13.4189
-11.5919	-14.4462
-8.01719	-14.5691
-5.96541	-12.7306
-6.39142	-13.6881
1.60513	-11.3448
-0.624279	-10.9943
1.1542	-7.85154
-0.73195	-15.1624
-9.91232	-13.798
-1.96928	-8.80352
-2.31554	-0.798809
-1.53848	-4.08868
-4.89941	-11.2318
-3.86143	-19.9906
-5.71217	-20.7976
-6.15646	-16.9362
-7.21502	-15.2564
-10.1324	-12.8943
-6.46859	-17.6877
-7.37239	-17.0062
-9.00833	-18.291
-8.46564	-25.244
-9.78275	-27.2022
-0.529928	-25.8779
-0.259916	-30.4228
-5.8443	-30.7676
-12.4317	-28.3307
-14.9613	-30.2363
-14.9746	-28.2128
-15.1617	-23.9379
-11.9534	-31.7967
-14.9622	-26.6896
-16.1715	-26.7011
-13.6123	-35.005
-11.0125	-29.646
-17.6897	-25.3515
-10.2803	-33.0141
-9.95572	-28.0142
-16.5053	-22.4997
-13.3811	-24.4159
-15.9123	-15.2198
-11.1745	-11.2316
-4.91116	-18.9219
-3.39601	-12.5568
-0.509172	-3.68074
6.47766	0.904523
5.55611	-0.397445
-0.295659	-11.0821
2.38799	-5.79929
-5.92871	-8.49983
1.20889	-1.38425
1.24641	-9.3306
-6.50636	-5.02336
-3.00644	-13.0549
-0.373942	-9.36166
-2.22173	-6.97586
-0.518293	-1.30035
-2.3754	-2.87094
-3.17545	-10.1107
-0.586938	-4.95549
-3.72873	-2.33562
-6.23128	-9.4066
-0.216932	-4.55359
-2.43107	-9.30287
-2.26682	-0.333759
-5.39256	-11.8482
-2.55799	-2.63479
